0 0
0.001001 0.0044702
0.002002 0.0089402
0.003003 0.01341
0.004004 0.017878
0.005005 0.022346
0.006006 0.026813
0.007007 0.031278
0.008008 0.035741
0.009009 0.040202
0.01001 0.044661
0.011011 0.049117
0.012012 0.053571
0.013013 0.058021
0.014014 0.062469
0.015015 0.066913
0.016016 0.071353
0.017017 0.075789
0.018018 0.080221
0.019019 0.084649
0.02002 0.089072
0.021021 0.09349
0.022022 0.097903
0.023023 0.10231
0.024024 0.10671
0.025025 0.11111
0.026026 0.1155
0.027027 0.11989
0.028028 0.12426
0.029029 0.12864
0.03003 0.133
0.031031 0.13736
0.032032 0.14171
0.033033 0.14606
0.034034 0.15039
0.035035 0.15472
0.036036 0.15904
0.037037 0.16335
0.038038 0.16766
0.039039 0.17196
0.04004 0.17624
0.041041 0.18052
0.042042 0.18479
0.043043 0.18906
0.044044 0.19331
0.045045 0.19755
0.046046 0.20178
0.047047 0.20601
0.048048 0.21022
0.049049 0.21443
0.05005 0.21862
0.051051 0.2228
0.052052 0.22698
0.053053 0.23114
0.054054 0.23529
0.055055 0.23943
0.056056 0.24357
0.057057 0.24769
0.058058 0.25179
0.059059 0.25589
0.06006 0.25998
0.061061 0.26405
0.062062 0.26811
0.063063 0.27216
0.064064 0.2762
0.065065 0.28023
0.066066 0.28425
0.067067 0.28825
0.068068 0.29224
0.069069 0.29622
0.07007 0.30018
0.071071 0.30413
0.072072 0.30807
0.073073 0.312
0.074074 0.31592
0.075075 0.31982
0.076076 0.32371
0.077077 0.32758
0.078078 0.33144
0.079079 0.33529
0.08008 0.33913
0.081081 0.34295
0.082082 0.34676
0.083083 0.35056
0.084084 0.35434
0.085085 0.3581
0.086086 0.36186
0.087087 0.3656
0.088088 0.36933
0.089089 0.37304
0.09009 0.37674
0.091091 0.38042
0.092092 0.38409
0.093093 0.38775
0.094094 0.39139
0.095095 0.39501
0.096096 0.39863
0.097097 0.40223
0.098098 0.40581
0.099099 0.40938
0.1001 0.41294
0.1011 0.41648
0.1021 0.42
0.1031 0.42351
0.1041 0.42701
0.10511 0.43049
0.10611 0.43396
0.10711 0.43741
0.10811 0.44085
0.10911 0.44427
0.11011 0.44768
0.11111 0.45108
0.11211 0.45445
0.11311 0.45782
0.11411 0.46117
0.11512 0.4645
0.11612 0.46782
0.11712 0.47112
0.11812 0.47441
0.11912 0.47769
0.12012 0.48095
0.12112 0.48419
0.12212 0.48742
0.12312 0.49064
0.12412 0.49383
0.12513 0.49702
0.12613 0.50019
0.12713 0.50334
0.12813 0.50648
0.12913 0.50961
0.13013 0.51272
0.13113 0.51581
0.13213 0.51889
0.13313 0.52195
0.13413 0.525
0.13514 0.52804
0.13614 0.53106
0.13714 0.53406
0.13814 0.53705
0.13914 0.54003
0.14014 0.54299
0.14114 0.54593
0.14214 0.54886
0.14314 0.55178
0.14414 0.55468
0.14515 0.55756
0.14615 0.56043
0.14715 0.56329
0.14815 0.56613
0.14915 0.56896
0.15015 0.57177
0.15115 0.57457
0.15215 0.57735
0.15315 0.58012
0.15415 0.58287
0.15516 0.58561
0.15616 0.58833
0.15716 0.59104
0.15816 0.59374
0.15916 0.59642
0.16016 0.59908
0.16116 0.60174
0.16216 0.60437
0.16316 0.607
0.16416 0.6096
0.16517 0.6122
0.16617 0.61478
0.16717 0.61734
0.16817 0.6199
0.16917 0.62243
0.17017 0.62496
0.17117 0.62747
0.17217 0.62996
0.17317 0.63244
0.17417 0.63491
0.17518 0.63736
0.17618 0.6398
0.17718 0.64223
0.17818 0.64464
0.17918 0.64704
0.18018 0.64942
0.18118 0.65179
0.18218 0.65415
0.18318 0.6565
0.18418 0.65883
0.18519 0.66114
0.18619 0.66345
0.18719 0.66574
0.18819 0.66801
0.18919 0.67027
0.19019 0.67252
0.19119 0.67476
0.19219 0.67698
0.19319 0.6792
0.19419 0.68139
0.1952 0.68358
0.1962 0.68575
0.1972 0.68791
0.1982 0.69005
0.1992 0.69218
0.2002 0.6943
0.2012 0.69641
0.2022 0.69851
0.2032 0.70059
0.2042 0.70266
0.20521 0.70471
0.20621 0.70676
0.20721 0.70879
0.20821 0.71081
0.20921 0.71282
0.21021 0.71481
0.21121 0.71679
0.21221 0.71876
0.21321 0.72072
0.21421 0.72267
0.21522 0.7246
0.21622 0.72652
0.21722 0.72843
0.21822 0.73033
0.21922 0.73222
0.22022 0.73409
0.22122 0.73596
0.22222 0.73781
0.22322 0.73965
0.22422 0.74147
0.22523 0.74329
0.22623 0.7451
0.22723 0.74689
0.22823 0.74867
0.22923 0.75044
0.23023 0.7522
0.23123 0.75395
0.23223 0.75569
0.23323 0.75742
0.23423 0.75913
0.23524 0.76084
0.23624 0.76253
0.23724 0.76421
0.23824 0.76588
0.23924 0.76754
0.24024 0.76919
0.24124 0.77083
0.24224 0.77246
0.24324 0.77408
0.24424 0.77569
0.24525 0.77729
0.24625 0.77888
0.24725 0.78045
0.24825 0.78202
0.24925 0.78357
0.25025 0.78512
0.25125 0.78666
0.25225 0.78818
0.25325 0.7897
0.25425 0.79121
0.25526 0.7927
0.25626 0.79419
0.25726 0.79566
0.25826 0.79713
0.25926 0.79859
0.26026 0.80003
0.26126 0.80147
0.26226 0.8029
0.26326 0.80432
0.26426 0.80573
0.26527 0.80713
0.26627 0.80852
0.26727 0.8099
0.26827 0.81127
0.26927 0.81263
0.27027 0.81399
0.27127 0.81533
0.27227 0.81667
0.27327 0.81799
0.27427 0.81931
0.27528 0.82062
0.27628 0.82192
0.27728 0.82321
0.27828 0.82449
0.27928 0.82577
0.28028 0.82703
0.28128 0.82829
0.28228 0.82954
0.28328 0.83077
0.28428 0.83201
0.28529 0.83323
0.28629 0.83444
0.28729 0.83565
0.28829 0.83685
0.28929 0.83804
0.29029 0.83922
0.29129 0.84039
0.29229 0.84155
0.29329 0.84271
0.29429 0.84386
0.2953 0.845
0.2963 0.84614
0.2973 0.84726
0.2983 0.84838
0.2993 0.84949
0.3003 0.85059
0.3013 0.85169
0.3023 0.85277
0.3033 0.85385
0.3043 0.85492
0.30531 0.85599
0.30631 0.85705
0.30731 0.8581
0.30831 0.85914
0.30931 0.86017
0.31031 0.8612
0.31131 0.86222
0.31231 0.86324
0.31331 0.86424
0.31431 0.86524
0.31532 0.86624
0.31632 0.86722
0.31732 0.8682
0.31832 0.86917
0.31932 0.87014
0.32032 0.8711
0.32132 0.87205
0.32232 0.87299
0.32332 0.87393
0.32432 0.87486
0.32533 0.87579
0.32633 0.87671
0.32733 0.87762
0.32833 0.87852
0.32933 0.87942
0.33033 0.88032
0.33133 0.8812
0.33233 0.88208
0.33333 0.88296
0.33433 0.88383
0.33534 0.88469
0.33634 0.88554
0.33734 0.88639
0.33834 0.88723
0.33934 0.88807
0.34034 0.8889
0.34134 0.88973
0.34234 0.89055
0.34334 0.89136
0.34434 0.89217
0.34535 0.89297
0.34635 0.89377
0.34735 0.89456
0.34835 0.89534
0.34935 0.89612
0.35035 0.8969
0.35135 0.89767
0.35235 0.89843
0.35335 0.89919
0.35435 0.89994
0.35536 0.90068
0.35636 0.90143
0.35736 0.90216
0.35836 0.90289
0.35936 0.90362
0.36036 0.90434
0.36136 0.90505
0.36236 0.90576
0.36336 0.90646
0.36436 0.90716
0.36537 0.90786
0.36637 0.90855
0.36737 0.90923
0.36837 0.90991
0.36937 0.91059
0.37037 0.91126
0.37137 0.91192
0.37237 0.91258
0.37337 0.91323
0.37437 0.91389
0.37538 0.91453
0.37638 0.91517
0.37738 0.91581
0.37838 0.91644
0.37938 0.91707
0.38038 0.91769
0.38138 0.91831
0.38238 0.91892
0.38338 0.91953
0.38438 0.92013
0.38539 0.92073
0.38639 0.92133
0.38739 0.92192
0.38839 0.92251
0.38939 0.92309
0.39039 0.92367
0.39139 0.92424
0.39239 0.92481
0.39339 0.92538
0.39439 0.92594
0.3954 0.9265
0.3964 0.92705
0.3974 0.9276
0.3984 0.92815
0.3994 0.92869
0.4004 0.92922
0.4014 0.92976
0.4024 0.93029
0.4034 0.93081
0.4044 0.93134
0.40541 0.93185
0.40641 0.93237
0.40741 0.93288
0.40841 0.93338
0.40941 0.93389
0.41041 0.93439
0.41141 0.93488
0.41241 0.93537
0.41341 0.93586
0.41441 0.93635
0.41542 0.93683
0.41642 0.9373
0.41742 0.93778
0.41842 0.93825
0.41942 0.93872
0.42042 0.93918
0.42142 0.93964
0.42242 0.9401
0.42342 0.94055
0.42442 0.941
0.42543 0.94145
0.42643 0.94189
0.42743 0.94233
0.42843 0.94277
0.42943 0.9432
0.43043 0.94363
0.43143 0.94406
0.43243 0.94448
0.43343 0.9449
0.43443 0.94532
0.43544 0.94573
0.43644 0.94614
0.43744 0.94655
0.43844 0.94696
0.43944 0.94736
0.44044 0.94776
0.44144 0.94816
0.44244 0.94855
0.44344 0.94894
0.44444 0.94933
0.44545 0.94971
0.44645 0.95009
0.44745 0.95047
0.44845 0.95085
0.44945 0.95122
0.45045 0.95159
0.45145 0.95196
0.45245 0.95233
0.45345 0.95269
0.45445 0.95305
0.45546 0.9534
0.45646 0.95376
0.45746 0.95411
0.45846 0.95446
0.45946 0.95481
0.46046 0.95515
0.46146 0.95549
0.46246 0.95583
0.46346 0.95617
0.46446 0.9565
0.46547 0.95683
0.46647 0.95716
0.46747 0.95748
0.46847 0.95781
0.46947 0.95813
0.47047 0.95845
0.47147 0.95876
0.47247 0.95908
0.47347 0.95939
0.47447 0.9597
0.47548 0.96001
0.47648 0.96031
0.47748 0.96061
0.47848 0.96091
0.47948 0.96121
0.48048 0.96151
0.48148 0.9618
0.48248 0.96209
0.48348 0.96238
0.48448 0.96267
0.48549 0.96295
0.48649 0.96324
0.48749 0.96352
0.48849 0.9638
0.48949 0.96407
0.49049 0.96435
0.49149 0.96462
0.49249 0.96489
0.49349 0.96516
0.49449 0.96542
0.4955 0.96569
0.4965 0.96595
0.4975 0.96621
0.4985 0.96647
0.4995 0.96672
0.5005 0.96698
0.5015 0.96723
0.5025 0.96748
0.5035 0.96773
0.5045 0.96797
0.50551 0.96822
0.50651 0.96846
0.50751 0.9687
0.50851 0.96894
0.50951 0.96918
0.51051 0.96942
0.51151 0.96965
0.51251 0.96988
0.51351 0.97011
0.51451 0.97034
0.51552 0.97057
0.51652 0.97079
0.51752 0.97102
0.51852 0.97124
0.51952 0.97146
0.52052 0.97168
0.52152 0.97189
0.52252 0.97211
0.52352 0.97232
0.52452 0.97253
0.52553 0.97275
0.52653 0.97295
0.52753 0.97316
0.52853 0.97337
0.52953 0.97357
0.53053 0.97377
0.53153 0.97397
0.53253 0.97417
0.53353 0.97437
0.53453 0.97457
0.53554 0.97476
0.53654 0.97496
0.53754 0.97515
0.53854 0.97534
0.53954 0.97553
0.54054 0.97572
0.54154 0.9759
0.54254 0.97609
0.54354 0.97627
0.54454 0.97645
0.54555 0.97663
0.54655 0.97681
0.54755 0.97699
0.54855 0.97717
0.54955 0.97734
0.55055 0.97752
0.55155 0.97769
0.55255 0.97786
0.55355 0.97803
0.55455 0.9782
0.55556 0.97837
0.55656 0.97853
0.55756 0.9787
0.55856 0.97886
0.55956 0.97902
0.56056 0.97918
0.56156 0.97934
0.56256 0.9795
0.56356 0.97966
0.56456 0.97982
0.56557 0.97997
0.56657 0.98013
0.56757 0.98028
0.56857 0.98043
0.56957 0.98058
0.57057 0.98073
0.57157 0.98088
0.57257 0.98103
0.57357 0.98117
0.57457 0.98132
0.57558 0.98146
0.57658 0.9816
0.57758 0.98174
0.57858 0.98188
0.57958 0.98202
0.58058 0.98216
0.58158 0.9823
0.58258 0.98244
0.58358 0.98257
0.58458 0.9827
0.58559 0.98284
0.58659 0.98297
0.58759 0.9831
0.58859 0.98323
0.58959 0.98336
0.59059 0.98349
0.59159 0.98362
0.59259 0.98374
0.59359 0.98387
0.59459 0.98399
0.5956 0.98412
0.5966 0.98424
0.5976 0.98436
0.5986 0.98448
0.5996 0.9846
0.6006 0.98472
0.6016 0.98484
0.6026 0.98495
0.6036 0.98507
0.6046 0.98518
0.60561 0.9853
0.60661 0.98541
0.60761 0.98552
0.60861 0.98564
0.60961 0.98575
0.61061 0.98586
0.61161 0.98597
0.61261 0.98607
0.61361 0.98618
0.61461 0.98629
0.61562 0.98639
0.61662 0.9865
0.61762 0.9866
0.61862 0.98671
0.61962 0.98681
0.62062 0.98691
0.62162 0.98701
0.62262 0.98711
0.62362 0.98721
0.62462 0.98731
0.62563 0.98741
0.62663 0.98751
0.62763 0.9876
0.62863 0.9877
0.62963 0.9878
0.63063 0.98789
0.63163 0.98798
0.63263 0.98808
0.63363 0.98817
0.63463 0.98826
0.63564 0.98835
0.63664 0.98844
0.63764 0.98853
0.63864 0.98862
0.63964 0.98871
0.64064 0.9888
0.64164 0.98888
0.64264 0.98897
0.64364 0.98905
0.64464 0.98914
0.64565 0.98922
0.64665 0.98931
0.64765 0.98939
0.64865 0.98947
0.64965 0.98955
0.65065 0.98964
0.65165 0.98972
0.65265 0.9898
0.65365 0.98987
0.65465 0.98995
0.65566 0.99003
0.65666 0.99011
0.65766 0.99019
0.65866 0.99026
0.65966 0.99034
0.66066 0.99041
0.66166 0.99049
0.66266 0.99056
0.66366 0.99063
0.66466 0.99071
0.66567 0.99078
0.66667 0.99085
0.66767 0.99092
0.66867 0.99099
0.66967 0.99106
0.67067 0.99113
0.67167 0.9912
0.67267 0.99127
0.67367 0.99134
0.67467 0.99141
0.67568 0.99147
0.67668 0.99154
0.67768 0.99161
0.67868 0.99167
0.67968 0.99174
0.68068 0.9918
0.68168 0.99187
0.68268 0.99193
0.68368 0.99199
0.68468 0.99205
0.68569 0.99212
0.68669 0.99218
0.68769 0.99224
0.68869 0.9923
0.68969 0.99236
0.69069 0.99242
0.69169 0.99248
0.69269 0.99254
0.69369 0.9926
0.69469 0.99265
0.6957 0.99271
0.6967 0.99277
0.6977 0.99283
0.6987 0.99288
0.6997 0.99294
0.7007 0.99299
0.7017 0.99305
0.7027 0.9931
0.7037 0.99316
0.7047 0.99321
0.70571 0.99326
0.70671 0.99332
0.70771 0.99337
0.70871 0.99342
0.70971 0.99347
0.71071 0.99353
0.71171 0.99358
0.71271 0.99363
0.71371 0.99368
0.71471 0.99373
0.71572 0.99378
0.71672 0.99383
0.71772 0.99387
0.71872 0.99392
0.71972 0.99397
0.72072 0.99402
0.72172 0.99407
0.72272 0.99411
0.72372 0.99416
0.72472 0.99421
0.72573 0.99425
0.72673 0.9943
0.72773 0.99434
0.72873 0.99439
0.72973 0.99443
0.73073 0.99448
0.73173 0.99452
0.73273 0.99456
0.73373 0.99461
0.73473 0.99465
0.73574 0.99469
0.73674 0.99474
0.73774 0.99478
0.73874 0.99482
0.73974 0.99486
0.74074 0.9949
0.74174 0.99494
0.74274 0.99498
0.74374 0.99502
0.74474 0.99506
0.74575 0.9951
0.74675 0.99514
0.74775 0.99518
0.74875 0.99522
0.74975 0.99526
0.75075 0.9953
0.75175 0.99533
0.75275 0.99537
0.75375 0.99541
0.75475 0.99545
0.75576 0.99548
0.75676 0.99552
0.75776 0.99555
0.75876 0.99559
0.75976 0.99563
0.76076 0.99566
0.76176 0.9957
0.76276 0.99573
0.76376 0.99577
0.76476 0.9958
0.76577 0.99583
0.76677 0.99587
0.76777 0.9959
0.76877 0.99594
0.76977 0.99597
0.77077 0.996
0.77177 0.99603
0.77277 0.99607
0.77377 0.9961
0.77477 0.99613
0.77578 0.99616
0.77678 0.99619
0.77778 0.99623
0.77878 0.99626
0.77978 0.99629
0.78078 0.99632
0.78178 0.99635
0.78278 0.99638
0.78378 0.99641
0.78478 0.99644
0.78579 0.99647
0.78679 0.9965
0.78779 0.99653
0.78879 0.99655
0.78979 0.99658
0.79079 0.99661
0.79179 0.99664
0.79279 0.99667
0.79379 0.9967
0.79479 0.99672
0.7958 0.99675
0.7968 0.99678
0.7978 0.99681
0.7988 0.99683
0.7998 0.99686
0.8008 0.99689
0.8018 0.99691
0.8028 0.99694
0.8038 0.99696
0.8048 0.99699
0.80581 0.99702
0.80681 0.99704
0.80781 0.99707
0.80881 0.99709
0.80981 0.99712
0.81081 0.99714
0.81181 0.99717
0.81281 0.99719
0.81381 0.99721
0.81481 0.99724
0.81582 0.99726
0.81682 0.99729
0.81782 0.99731
0.81882 0.99733
0.81982 0.99736
0.82082 0.99738
0.82182 0.9974
0.82282 0.99742
0.82382 0.99745
0.82482 0.99747
0.82583 0.99749
0.82683 0.99751
0.82783 0.99754
0.82883 0.99756
0.82983 0.99758
0.83083 0.9976
0.83183 0.99762
0.83283 0.99764
0.83383 0.99767
0.83483 0.99769
0.83584 0.99771
0.83684 0.99773
0.83784 0.99775
0.83884 0.99777
0.83984 0.99779
0.84084 0.99781
0.84184 0.99783
0.84284 0.99785
0.84384 0.99787
0.84484 0.99789
0.84585 0.99791
0.84685 0.99793
0.84785 0.99795
0.84885 0.99797
0.84985 0.99799
0.85085 0.998
0.85185 0.99802
0.85285 0.99804
0.85385 0.99806
0.85485 0.99808
0.85586 0.9981
0.85686 0.99812
0.85786 0.99813
0.85886 0.99815
0.85986 0.99817
0.86086 0.99819
0.86186 0.9982
0.86286 0.99822
0.86386 0.99824
0.86486 0.99826
0.86587 0.99827
0.86687 0.99829
0.86787 0.99831
0.86887 0.99833
0.86987 0.99834
0.87087 0.99836
0.87187 0.99838
0.87287 0.99839
0.87387 0.99841
0.87487 0.99842
0.87588 0.99844
0.87688 0.99846
0.87788 0.99847
0.87888 0.99849
0.87988 0.99851
0.88088 0.99852
0.88188 0.99854
0.88288 0.99855
0.88388 0.99857
0.88488 0.99858
0.88589 0.9986
0.88689 0.99861
0.88789 0.99863
0.88889 0.99864
0.88989 0.99866
0.89089 0.99867
0.89189 0.99869
0.89289 0.9987
0.89389 0.99872
0.89489 0.99873
0.8959 0.99875
0.8969 0.99876
0.8979 0.99878
0.8989 0.99879
0.8999 0.99881
0.9009 0.99882
0.9019 0.99883
0.9029 0.99885
0.9039 0.99886
0.9049 0.99888
0.90591 0.99889
0.90691 0.9989
0.90791 0.99892
0.90891 0.99893
0.90991 0.99894
0.91091 0.99896
0.91191 0.99897
0.91291 0.99898
0.91391 0.999
0.91491 0.99901
0.91592 0.99902
0.91692 0.99904
0.91792 0.99905
0.91892 0.99906
0.91992 0.99908
0.92092 0.99909
0.92192 0.9991
0.92292 0.99912
0.92392 0.99913
0.92492 0.99914
0.92593 0.99915
0.92693 0.99917
0.92793 0.99918
0.92893 0.99919
0.92993 0.9992
0.93093 0.99922
0.93193 0.99923
0.93293 0.99924
0.93393 0.99925
0.93493 0.99927
0.93594 0.99928
0.93694 0.99929
0.93794 0.9993
0.93894 0.99931
0.93994 0.99933
0.94094 0.99934
0.94194 0.99935
0.94294 0.99936
0.94394 0.99937
0.94494 0.99939
0.94595 0.9994
0.94695 0.99941
0.94795 0.99942
0.94895 0.99943
0.94995 0.99944
0.95095 0.99946
0.95195 0.99947
0.95295 0.99948
0.95395 0.99949
0.95495 0.9995
0.95596 0.99951
0.95696 0.99953
0.95796 0.99954
0.95896 0.99955
0.95996 0.99956
0.96096 0.99957
0.96196 0.99958
0.96296 0.99959
0.96396 0.99961
0.96496 0.99962
0.96597 0.99963
0.96697 0.99964
0.96797 0.99965
0.96897 0.99966
0.96997 0.99967
0.97097 0.99968
0.97197 0.99969
0.97297 0.99971
0.97397 0.99972
0.97497 0.99973
0.97598 0.99974
0.97698 0.99975
0.97798 0.99976
0.97898 0.99977
0.97998 0.99978
0.98098 0.99979
0.98198 0.9998
0.98298 0.99982
0.98398 0.99983
0.98498 0.99984
0.98599 0.99985
0.98699 0.99986
0.98799 0.99987
0.98899 0.99988
0.98999 0.99989
0.99099 0.9999
0.99199 0.99991
0.99299 0.99992
0.99399 0.99993
0.99499 0.99995
0.996 0.99996
0.997 0.99997
0.998 0.99998
0.999 0.99999
1 1
