0 0
0.001001 0.00099684
0.002002 0.0019937
0.003003 0.0029906
0.004004 0.0039874
0.005005 0.0049843
0.006006 0.0059812
0.007007 0.0069781
0.008008 0.007975
0.009009 0.0089719
0.01001 0.0099689
0.011011 0.010966
0.012012 0.011963
0.013013 0.01296
0.014014 0.013957
0.015015 0.014954
0.016016 0.015951
0.017017 0.016948
0.018018 0.017945
0.019019 0.018942
0.02002 0.019939
0.021021 0.020936
0.022022 0.021933
0.023023 0.02293
0.024024 0.023927
0.025025 0.024924
0.026026 0.025921
0.027027 0.026918
0.028028 0.027915
0.029029 0.028912
0.03003 0.02991
0.031031 0.030907
0.032032 0.031904
0.033033 0.032901
0.034034 0.033898
0.035035 0.034895
0.036036 0.035893
0.037037 0.03689
0.038038 0.037887
0.039039 0.038884
0.04004 0.039881
0.041041 0.040879
0.042042 0.041876
0.043043 0.042873
0.044044 0.04387
0.045045 0.044868
0.046046 0.045865
0.047047 0.046862
0.048048 0.04786
0.049049 0.048857
0.05005 0.049854
0.051051 0.050851
0.052052 0.051849
0.053053 0.052846
0.054054 0.053844
0.055055 0.054841
0.056056 0.055838
0.057057 0.056836
0.058058 0.057833
0.059059 0.05883
0.06006 0.059828
0.061061 0.060825
0.062062 0.061823
0.063063 0.06282
0.064064 0.063818
0.065065 0.064815
0.066066 0.065813
0.067067 0.06681
0.068068 0.067808
0.069069 0.068805
0.07007 0.069803
0.071071 0.0708
0.072072 0.071798
0.073073 0.072795
0.074074 0.073793
0.075075 0.07479
0.076076 0.075788
0.077077 0.076785
0.078078 0.077783
0.079079 0.078781
0.08008 0.079778
0.081081 0.080776
0.082082 0.081773
0.083083 0.082771
0.084084 0.083769
0.085085 0.084766
0.086086 0.085764
0.087087 0.086762
0.088088 0.087759
0.089089 0.088757
0.09009 0.089755
0.091091 0.090752
0.092092 0.09175
0.093093 0.092748
0.094094 0.093746
0.095095 0.094743
0.096096 0.095741
0.097097 0.096739
0.098098 0.097737
0.099099 0.098734
0.1001 0.099732
0.1011 0.10073
0.1021 0.10173
0.1031 0.10273
0.1041 0.10372
0.10511 0.10472
0.10611 0.10572
0.10711 0.10672
0.10811 0.10771
0.10911 0.10871
0.11011 0.10971
0.11111 0.11071
0.11211 0.11171
0.11311 0.1127
0.11411 0.1137
0.11512 0.1147
0.11612 0.1157
0.11712 0.1167
0.11812 0.11769
0.11912 0.11869
0.12012 0.11969
0.12112 0.12069
0.12212 0.12169
0.12312 0.12268
0.12412 0.12368
0.12513 0.12468
0.12613 0.12568
0.12713 0.12668
0.12813 0.12767
0.12913 0.12867
0.13013 0.12967
0.13113 0.13067
0.13213 0.13167
0.13313 0.13266
0.13413 0.13366
0.13514 0.13466
0.13614 0.13566
0.13714 0.13666
0.13814 0.13765
0.13914 0.13865
0.14014 0.13965
0.14114 0.14065
0.14214 0.14165
0.14314 0.14265
0.14414 0.14364
0.14515 0.14464
0.14615 0.14564
0.14715 0.14664
0.14815 0.14764
0.14915 0.14863
0.15015 0.14963
0.15115 0.15063
0.15215 0.15163
0.15315 0.15263
0.15415 0.15363
0.15516 0.15462
0.15616 0.15562
0.15716 0.15662
0.15816 0.15762
0.15916 0.15862
0.16016 0.15962
0.16116 0.16061
0.16216 0.16161
0.16316 0.16261
0.16416 0.16361
0.16517 0.16461
0.16617 0.16561
0.16717 0.1666
0.16817 0.1676
0.16917 0.1686
0.17017 0.1696
0.17117 0.1706
0.17217 0.1716
0.17317 0.17259
0.17417 0.17359
0.17518 0.17459
0.17618 0.17559
0.17718 0.17659
0.17818 0.17759
0.17918 0.17859
0.18018 0.17958
0.18118 0.18058
0.18218 0.18158
0.18318 0.18258
0.18418 0.18358
0.18519 0.18458
0.18619 0.18557
0.18719 0.18657
0.18819 0.18757
0.18919 0.18857
0.19019 0.18957
0.19119 0.19057
0.19219 0.19157
0.19319 0.19256
0.19419 0.19356
0.1952 0.19456
0.1962 0.19556
0.1972 0.19656
0.1982 0.19756
0.1992 0.19856
0.2002 0.19956
0.2012 0.20055
0.2022 0.20155
0.2032 0.20255
0.2042 0.20355
0.20521 0.20455
0.20621 0.20555
0.20721 0.20655
0.20821 0.20754
0.20921 0.20854
0.21021 0.20954
0.21121 0.21054
0.21221 0.21154
0.21321 0.21254
0.21421 0.21354
0.21522 0.21454
0.21622 0.21553
0.21722 0.21653
0.21822 0.21753
0.21922 0.21853
0.22022 0.21953
0.22122 0.22053
0.22222 0.22153
0.22322 0.22253
0.22422 0.22353
0.22523 0.22452
0.22623 0.22552
0.22723 0.22652
0.22823 0.22752
0.22923 0.22852
0.23023 0.22952
0.23123 0.23052
0.23223 0.23152
0.23323 0.23252
0.23423 0.23351
0.23524 0.23451
0.23624 0.23551
0.23724 0.23651
0.23824 0.23751
0.23924 0.23851
0.24024 0.23951
0.24124 0.24051
0.24224 0.24151
0.24324 0.24251
0.24424 0.2435
0.24525 0.2445
0.24625 0.2455
0.24725 0.2465
0.24825 0.2475
0.24925 0.2485
0.25025 0.2495
0.25125 0.2505
0.25225 0.2515
0.25325 0.2525
0.25425 0.2535
0.25526 0.25449
0.25626 0.25549
0.25726 0.25649
0.25826 0.25749
0.25926 0.25849
0.26026 0.25949
0.26126 0.26049
0.26226 0.26149
0.26326 0.26249
0.26426 0.26349
0.26527 0.26449
0.26627 0.26548
0.26727 0.26648
0.26827 0.26748
0.26927 0.26848
0.27027 0.26948
0.27127 0.27048
0.27227 0.27148
0.27327 0.27248
0.27427 0.27348
0.27528 0.27448
0.27628 0.27548
0.27728 0.27648
0.27828 0.27748
0.27928 0.27848
0.28028 0.27947
0.28128 0.28047
0.28228 0.28147
0.28328 0.28247
0.28428 0.28347
0.28529 0.28447
0.28629 0.28547
0.28729 0.28647
0.28829 0.28747
0.28929 0.28847
0.29029 0.28947
0.29129 0.29047
0.29229 0.29147
0.29329 0.29247
0.29429 0.29347
0.2953 0.29447
0.2963 0.29546
0.2973 0.29646
0.2983 0.29746
0.2993 0.29846
0.3003 0.29946
0.3013 0.30046
0.3023 0.30146
0.3033 0.30246
0.3043 0.30346
0.30531 0.30446
0.30631 0.30546
0.30731 0.30646
0.30831 0.30746
0.30931 0.30846
0.31031 0.30946
0.31131 0.31046
0.31231 0.31146
0.31331 0.31246
0.31431 0.31346
0.31532 0.31446
0.31632 0.31546
0.31732 0.31645
0.31832 0.31745
0.31932 0.31845
0.32032 0.31945
0.32132 0.32045
0.32232 0.32145
0.32332 0.32245
0.32432 0.32345
0.32533 0.32445
0.32633 0.32545
0.32733 0.32645
0.32833 0.32745
0.32933 0.32845
0.33033 0.32945
0.33133 0.33045
0.33233 0.33145
0.33333 0.33245
0.33433 0.33345
0.33534 0.33445
0.33634 0.33545
0.33734 0.33645
0.33834 0.33745
0.33934 0.33845
0.34034 0.33945
0.34134 0.34045
0.34234 0.34145
0.34334 0.34245
0.34434 0.34345
0.34535 0.34445
0.34635 0.34545
0.34735 0.34645
0.34835 0.34745
0.34935 0.34845
0.35035 0.34945
0.35135 0.35045
0.35235 0.35145
0.35335 0.35245
0.35435 0.35345
0.35536 0.35445
0.35636 0.35545
0.35736 0.35645
0.35836 0.35745
0.35936 0.35845
0.36036 0.35944
0.36136 0.36044
0.36236 0.36144
0.36336 0.36244
0.36436 0.36344
0.36537 0.36444
0.36637 0.36544
0.36737 0.36644
0.36837 0.36744
0.36937 0.36844
0.37037 0.36944
0.37137 0.37044
0.37237 0.37144
0.37337 0.37244
0.37437 0.37344
0.37538 0.37444
0.37638 0.37545
0.37738 0.37645
0.37838 0.37745
0.37938 0.37845
0.38038 0.37945
0.38138 0.38045
0.38238 0.38145
0.38338 0.38245
0.38438 0.38345
0.38539 0.38445
0.38639 0.38545
0.38739 0.38645
0.38839 0.38745
0.38939 0.38845
0.39039 0.38945
0.39139 0.39045
0.39239 0.39145
0.39339 0.39245
0.39439 0.39345
0.3954 0.39445
0.3964 0.39545
0.3974 0.39645
0.3984 0.39745
0.3994 0.39845
0.4004 0.39945
0.4014 0.40045
0.4024 0.40145
0.4034 0.40245
0.4044 0.40345
0.40541 0.40445
0.40641 0.40545
0.40741 0.40645
0.40841 0.40745
0.40941 0.40845
0.41041 0.40945
0.41141 0.41045
0.41241 0.41145
0.41341 0.41245
0.41441 0.41345
0.41542 0.41445
0.41642 0.41545
0.41742 0.41645
0.41842 0.41745
0.41942 0.41845
0.42042 0.41946
0.42142 0.42046
0.42242 0.42146
0.42342 0.42246
0.42442 0.42346
0.42543 0.42446
0.42643 0.42546
0.42743 0.42646
0.42843 0.42746
0.42943 0.42846
0.43043 0.42946
0.43143 0.43046
0.43243 0.43146
0.43343 0.43246
0.43443 0.43346
0.43544 0.43446
0.43644 0.43546
0.43744 0.43646
0.43844 0.43746
0.43944 0.43846
0.44044 0.43946
0.44144 0.44047
0.44244 0.44147
0.44344 0.44247
0.44444 0.44347
0.44545 0.44447
0.44645 0.44547
0.44745 0.44647
0.44845 0.44747
0.44945 0.44847
0.45045 0.44947
0.45145 0.45047
0.45245 0.45147
0.45345 0.45247
0.45445 0.45347
0.45546 0.45447
0.45646 0.45547
0.45746 0.45648
0.45846 0.45748
0.45946 0.45848
0.46046 0.45948
0.46146 0.46048
0.46246 0.46148
0.46346 0.46248
0.46446 0.46348
0.46547 0.46448
0.46647 0.46548
0.46747 0.46648
0.46847 0.46748
0.46947 0.46848
0.47047 0.46948
0.47147 0.47049
0.47247 0.47149
0.47347 0.47249
0.47447 0.47349
0.47548 0.47449
0.47648 0.47549
0.47748 0.47649
0.47848 0.47749
0.47948 0.47849
0.48048 0.47949
0.48148 0.48049
0.48248 0.48149
0.48348 0.4825
0.48448 0.4835
0.48549 0.4845
0.48649 0.4855
0.48749 0.4865
0.48849 0.4875
0.48949 0.4885
0.49049 0.4895
0.49149 0.4905
0.49249 0.4915
0.49349 0.4925
0.49449 0.49351
0.4955 0.49451
0.4965 0.49551
0.4975 0.49651
0.4985 0.49751
0.4995 0.49851
0.5005 0.49951
0.5015 0.50051
0.5025 0.50151
0.5035 0.50251
0.5045 0.50352
0.50551 0.50452
0.50651 0.50552
0.50751 0.50652
0.50851 0.50752
0.50951 0.50852
0.51051 0.50952
0.51151 0.51052
0.51251 0.51152
0.51351 0.51252
0.51451 0.51353
0.51552 0.51453
0.51652 0.51553
0.51752 0.51653
0.51852 0.51753
0.51952 0.51853
0.52052 0.51953
0.52152 0.52053
0.52252 0.52154
0.52352 0.52254
0.52452 0.52354
0.52553 0.52454
0.52653 0.52554
0.52753 0.52654
0.52853 0.52754
0.52953 0.52854
0.53053 0.52954
0.53153 0.53055
0.53253 0.53155
0.53353 0.53255
0.53453 0.53355
0.53554 0.53455
0.53654 0.53555
0.53754 0.53655
0.53854 0.53755
0.53954 0.53856
0.54054 0.53956
0.54154 0.54056
0.54254 0.54156
0.54354 0.54256
0.54454 0.54356
0.54555 0.54456
0.54655 0.54557
0.54755 0.54657
0.54855 0.54757
0.54955 0.54857
0.55055 0.54957
0.55155 0.55057
0.55255 0.55157
0.55355 0.55257
0.55455 0.55358
0.55556 0.55458
0.55656 0.55558
0.55756 0.55658
0.55856 0.55758
0.55956 0.55858
0.56056 0.55958
0.56156 0.56059
0.56256 0.56159
0.56356 0.56259
0.56456 0.56359
0.56557 0.56459
0.56657 0.56559
0.56757 0.5666
0.56857 0.5676
0.56957 0.5686
0.57057 0.5696
0.57157 0.5706
0.57257 0.5716
0.57357 0.5726
0.57457 0.57361
0.57558 0.57461
0.57658 0.57561
0.57758 0.57661
0.57858 0.57761
0.57958 0.57861
0.58058 0.57962
0.58158 0.58062
0.58258 0.58162
0.58358 0.58262
0.58458 0.58362
0.58559 0.58462
0.58659 0.58563
0.58759 0.58663
0.58859 0.58763
0.58959 0.58863
0.59059 0.58963
0.59159 0.59063
0.59259 0.59164
0.59359 0.59264
0.59459 0.59364
0.5956 0.59464
0.5966 0.59564
0.5976 0.59664
0.5986 0.59765
0.5996 0.59865
0.6006 0.59965
0.6016 0.60065
0.6026 0.60165
0.6036 0.60265
0.6046 0.60366
0.60561 0.60466
0.60661 0.60566
0.60761 0.60666
0.60861 0.60766
0.60961 0.60867
0.61061 0.60967
0.61161 0.61067
0.61261 0.61167
0.61361 0.61267
0.61461 0.61367
0.61562 0.61468
0.61662 0.61568
0.61762 0.61668
0.61862 0.61768
0.61962 0.61868
0.62062 0.61969
0.62162 0.62069
0.62262 0.62169
0.62362 0.62269
0.62462 0.62369
0.62563 0.6247
0.62663 0.6257
0.62763 0.6267
0.62863 0.6277
0.62963 0.6287
0.63063 0.62971
0.63163 0.63071
0.63263 0.63171
0.63363 0.63271
0.63463 0.63371
0.63564 0.63472
0.63664 0.63572
0.63764 0.63672
0.63864 0.63772
0.63964 0.63872
0.64064 0.63973
0.64164 0.64073
0.64264 0.64173
0.64364 0.64273
0.64464 0.64373
0.64565 0.64474
0.64665 0.64574
0.64765 0.64674
0.64865 0.64774
0.64965 0.64874
0.65065 0.64975
0.65165 0.65075
0.65265 0.65175
0.65365 0.65275
0.65465 0.65376
0.65566 0.65476
0.65666 0.65576
0.65766 0.65676
0.65866 0.65776
0.65966 0.65877
0.66066 0.65977
0.66166 0.66077
0.66266 0.66177
0.66366 0.66278
0.66466 0.66378
0.66567 0.66478
0.66667 0.66578
0.66767 0.66678
0.66867 0.66779
0.66967 0.66879
0.67067 0.66979
0.67167 0.67079
0.67267 0.6718
0.67367 0.6728
0.67467 0.6738
0.67568 0.6748
0.67668 0.6758
0.67768 0.67681
0.67868 0.67781
0.67968 0.67881
0.68068 0.67981
0.68168 0.68082
0.68268 0.68182
0.68368 0.68282
0.68468 0.68382
0.68569 0.68483
0.68669 0.68583
0.68769 0.68683
0.68869 0.68783
0.68969 0.68884
0.69069 0.68984
0.69169 0.69084
0.69269 0.69184
0.69369 0.69285
0.69469 0.69385
0.6957 0.69485
0.6967 0.69585
0.6977 0.69686
0.6987 0.69786
0.6997 0.69886
0.7007 0.69986
0.7017 0.70087
0.7027 0.70187
0.7037 0.70287
0.7047 0.70387
0.70571 0.70488
0.70671 0.70588
0.70771 0.70688
0.70871 0.70788
0.70971 0.70889
0.71071 0.70989
0.71171 0.71089
0.71271 0.71189
0.71371 0.7129
0.71471 0.7139
0.71572 0.7149
0.71672 0.7159
0.71772 0.71691
0.71872 0.71791
0.71972 0.71891
0.72072 0.71992
0.72172 0.72092
0.72272 0.72192
0.72372 0.72292
0.72472 0.72393
0.72573 0.72493
0.72673 0.72593
0.72773 0.72693
0.72873 0.72794
0.72973 0.72894
0.73073 0.72994
0.73173 0.73095
0.73273 0.73195
0.73373 0.73295
0.73473 0.73395
0.73574 0.73496
0.73674 0.73596
0.73774 0.73696
0.73874 0.73797
0.73974 0.73897
0.74074 0.73997
0.74174 0.74097
0.74274 0.74198
0.74374 0.74298
0.74474 0.74398
0.74575 0.74499
0.74675 0.74599
0.74775 0.74699
0.74875 0.74799
0.74975 0.749
0.75075 0.75
0.75175 0.751
0.75275 0.75201
0.75375 0.75301
0.75475 0.75401
0.75576 0.75501
0.75676 0.75602
0.75776 0.75702
0.75876 0.75802
0.75976 0.75903
0.76076 0.76003
0.76176 0.76103
0.76276 0.76204
0.76376 0.76304
0.76476 0.76404
0.76577 0.76504
0.76677 0.76605
0.76777 0.76705
0.76877 0.76805
0.76977 0.76906
0.77077 0.77006
0.77177 0.77106
0.77277 0.77207
0.77377 0.77307
0.77477 0.77407
0.77578 0.77508
0.77678 0.77608
0.77778 0.77708
0.77878 0.77809
0.77978 0.77909
0.78078 0.78009
0.78178 0.78109
0.78278 0.7821
0.78378 0.7831
0.78478 0.7841
0.78579 0.78511
0.78679 0.78611
0.78779 0.78711
0.78879 0.78812
0.78979 0.78912
0.79079 0.79012
0.79179 0.79113
0.79279 0.79213
0.79379 0.79313
0.79479 0.79414
0.7958 0.79514
0.7968 0.79614
0.7978 0.79715
0.7988 0.79815
0.7998 0.79915
0.8008 0.80016
0.8018 0.80116
0.8028 0.80216
0.8038 0.80317
0.8048 0.80417
0.80581 0.80517
0.80681 0.80618
0.80781 0.80718
0.80881 0.80818
0.80981 0.80919
0.81081 0.81019
0.81181 0.81119
0.81281 0.8122
0.81381 0.8132
0.81481 0.8142
0.81582 0.81521
0.81682 0.81621
0.81782 0.81722
0.81882 0.81822
0.81982 0.81922
0.82082 0.82023
0.82182 0.82123
0.82282 0.82223
0.82382 0.82324
0.82482 0.82424
0.82583 0.82524
0.82683 0.82625
0.82783 0.82725
0.82883 0.82825
0.82983 0.82926
0.83083 0.83026
0.83183 0.83126
0.83283 0.83227
0.83383 0.83327
0.83483 0.83428
0.83584 0.83528
0.83684 0.83628
0.83784 0.83729
0.83884 0.83829
0.83984 0.83929
0.84084 0.8403
0.84184 0.8413
0.84284 0.84231
0.84384 0.84331
0.84484 0.84431
0.84585 0.84532
0.84685 0.84632
0.84785 0.84732
0.84885 0.84833
0.84985 0.84933
0.85085 0.85034
0.85185 0.85134
0.85285 0.85234
0.85385 0.85335
0.85485 0.85435
0.85586 0.85535
0.85686 0.85636
0.85786 0.85736
0.85886 0.85837
0.85986 0.85937
0.86086 0.86037
0.86186 0.86138
0.86286 0.86238
0.86386 0.86339
0.86486 0.86439
0.86587 0.86539
0.86687 0.8664
0.86787 0.8674
0.86887 0.8684
0.86987 0.86941
0.87087 0.87041
0.87187 0.87142
0.87287 0.87242
0.87387 0.87342
0.87487 0.87443
0.87588 0.87543
0.87688 0.87644
0.87788 0.87744
0.87888 0.87844
0.87988 0.87945
0.88088 0.88045
0.88188 0.88146
0.88288 0.88246
0.88388 0.88346
0.88488 0.88447
0.88589 0.88547
0.88689 0.88648
0.88789 0.88748
0.88889 0.88849
0.88989 0.88949
0.89089 0.89049
0.89189 0.8915
0.89289 0.8925
0.89389 0.89351
0.89489 0.89451
0.8959 0.89551
0.8969 0.89652
0.8979 0.89752
0.8989 0.89853
0.8999 0.89953
0.9009 0.90054
0.9019 0.90154
0.9029 0.90254
0.9039 0.90355
0.9049 0.90455
0.90591 0.90556
0.90691 0.90656
0.90791 0.90757
0.90891 0.90857
0.90991 0.90957
0.91091 0.91058
0.91191 0.91158
0.91291 0.91259
0.91391 0.91359
0.91491 0.9146
0.91592 0.9156
0.91692 0.9166
0.91792 0.91761
0.91892 0.91861
0.91992 0.91962
0.92092 0.92062
0.92192 0.92163
0.92292 0.92263
0.92392 0.92363
0.92492 0.92464
0.92593 0.92564
0.92693 0.92665
0.92793 0.92765
0.92893 0.92866
0.92993 0.92966
0.93093 0.93067
0.93193 0.93167
0.93293 0.93268
0.93393 0.93368
0.93493 0.93468
0.93594 0.93569
0.93694 0.93669
0.93794 0.9377
0.93894 0.9387
0.93994 0.93971
0.94094 0.94071
0.94194 0.94172
0.94294 0.94272
0.94394 0.94373
0.94494 0.94473
0.94595 0.94573
0.94695 0.94674
0.94795 0.94774
0.94895 0.94875
0.94995 0.94975
0.95095 0.95076
0.95195 0.95176
0.95295 0.95277
0.95395 0.95377
0.95495 0.95478
0.95596 0.95578
0.95696 0.95679
0.95796 0.95779
0.95896 0.9588
0.95996 0.9598
0.96096 0.96081
0.96196 0.96181
0.96296 0.96282
0.96396 0.96382
0.96496 0.96482
0.96597 0.96583
0.96697 0.96683
0.96797 0.96784
0.96897 0.96884
0.96997 0.96985
0.97097 0.97085
0.97197 0.97186
0.97297 0.97286
0.97397 0.97387
0.97497 0.97487
0.97598 0.97588
0.97698 0.97688
0.97798 0.97789
0.97898 0.97889
0.97998 0.9799
0.98098 0.9809
0.98198 0.98191
0.98298 0.98291
0.98398 0.98392
0.98498 0.98492
0.98599 0.98593
0.98699 0.98693
0.98799 0.98794
0.98899 0.98894
0.98999 0.98995
0.99099 0.99095
0.99199 0.99196
0.99299 0.99296
0.99399 0.99397
0.99499 0.99497
0.996 0.99598
0.997 0.99698
0.998 0.99799
0.999 0.99899
1 1
