0 0
0.0015015 1.0305e-07
0.003003 2.0844e-07
0.0045045 3.162e-07
0.006006 4.264e-07
0.0075075 5.3906e-07
0.009009 6.5425e-07
0.010511 7.7199e-07
0.012012 8.9235e-07
0.013514 1.0154e-06
0.015015 1.1411e-06
0.016517 1.2696e-06
0.018018 1.4009e-06
0.01952 1.535e-06
0.021021 1.6721e-06
0.022523 1.8122e-06
0.024024 1.9552e-06
0.025526 2.1014e-06
0.027027 2.2507e-06
0.028529 2.4032e-06
0.03003 2.5589e-06
0.031532 2.718e-06
0.033033 2.8804e-06
0.034535 3.0463e-06
0.036036 3.2156e-06
0.037538 3.3885e-06
0.039039 3.5651e-06
0.040541 3.7454e-06
0.042042 3.9294e-06
0.043544 4.1172e-06
0.045045 4.309e-06
0.046547 4.5047e-06
0.048048 4.7045e-06
0.04955 4.9084e-06
0.051051 5.1165e-06
0.052553 5.3289e-06
0.054054 5.5456e-06
0.055556 5.7668e-06
0.057057 5.9924e-06
0.058559 6.2227e-06
0.06006 6.4576e-06
0.061562 6.6973e-06
0.063063 6.9419e-06
0.064565 7.1914e-06
0.066066 7.4459e-06
0.067568 7.7055e-06
0.069069 7.9703e-06
0.070571 8.2405e-06
0.072072 8.516e-06
0.073574 8.7971e-06
0.075075 9.0837e-06
0.076577 9.3761e-06
0.078078 9.6742e-06
0.07958 9.9783e-06
0.081081 1.0288e-05
0.082583 1.0605e-05
0.084084 1.0927e-05
0.085586 1.1256e-05
0.087087 1.1591e-05
0.088589 1.1933e-05
0.09009 1.2281e-05
0.091592 1.2637e-05
0.093093 1.2999e-05
0.094094 1.3244e-05
0.095095 1.3493e-05
0.096096 1.3745e-05
0.097097 1.4e-05
0.098098 1.4258e-05
0.099099 1.452e-05
0.1001 1.4785e-05
0.1011 1.5054e-05
0.1021 1.5326e-05
0.1031 1.5601e-05
0.1041 1.588e-05
0.10511 1.6163e-05
0.10611 1.6449e-05
0.10711 1.6739e-05
0.10811 1.7032e-05
0.10911 1.733e-05
0.11011 1.7631e-05
0.11111 1.7936e-05
0.11211 1.8245e-05
0.11311 1.8557e-05
0.11411 1.8874e-05
0.11512 1.9195e-05
0.11612 1.952e-05
0.11712 1.9849e-05
0.11812 2.0182e-05
0.11912 2.0519e-05
0.12012 2.0861e-05
0.12112 2.1207e-05
0.12212 2.1557e-05
0.12312 2.1912e-05
0.12412 2.2272e-05
0.12513 2.2635e-05
0.12613 2.3004e-05
0.12713 2.3377e-05
0.12813 2.3755e-05
0.12913 2.4137e-05
0.13013 2.4525e-05
0.13113 2.4917e-05
0.13213 2.5314e-05
0.13313 2.5716e-05
0.13413 2.6123e-05
0.13514 2.6535e-05
0.13614 2.6953e-05
0.13714 2.7376e-05
0.13814 2.7804e-05
0.13914 2.8237e-05
0.14014 2.8676e-05
0.14114 2.912e-05
0.14214 2.9569e-05
0.14314 3.0025e-05
0.14414 3.0486e-05
0.14515 3.0953e-05
0.14615 3.1425e-05
0.14715 3.1904e-05
0.14815 3.2388e-05
0.14915 3.2879e-05
0.15015 3.3375e-05
0.15115 3.3878e-05
0.15215 3.4387e-05
0.15315 3.4902e-05
0.15415 3.5424e-05
0.15516 3.5952e-05
0.15616 3.6486e-05
0.15716 3.7027e-05
0.15816 3.7575e-05
0.15916 3.813e-05
0.16016 3.8692e-05
0.16116 3.926e-05
0.16216 3.9836e-05
0.16316 4.0418e-05
0.16416 4.1008e-05
0.16517 4.1605e-05
0.16617 4.2209e-05
0.16717 4.2821e-05
0.16817 4.3441e-05
0.16917 4.4068e-05
0.17017 4.4702e-05
0.17117 4.5345e-05
0.17217 4.5995e-05
0.17317 4.6654e-05
0.17417 4.732e-05
0.17518 4.7995e-05
0.17618 4.8677e-05
0.17718 4.9369e-05
0.17818 5.0068e-05
0.17918 5.0777e-05
0.18018 5.1494e-05
0.18118 5.2219e-05
0.18218 5.2954e-05
0.18318 5.3697e-05
0.18418 5.445e-05
0.18519 5.5212e-05
0.18619 5.5983e-05
0.18719 5.6763e-05
0.18819 5.7553e-05
0.18919 5.8353e-05
0.19019 5.9162e-05
0.19119 5.9982e-05
0.19219 6.0811e-05
0.19319 6.165e-05
0.19419 6.25e-05
0.1952 6.3359e-05
0.1962 6.423e-05
0.1972 6.5111e-05
0.1982 6.6002e-05
0.1992 6.6905e-05
0.2002 6.7818e-05
0.2012 6.8742e-05
0.2022 6.9678e-05
0.2032 7.0625e-05
0.2042 7.1583e-05
0.20521 7.2553e-05
0.20621 7.3535e-05
0.20721 7.4529e-05
0.20821 7.5534e-05
0.20921 7.6552e-05
0.21021 7.7582e-05
0.21121 7.8625e-05
0.21221 7.968e-05
0.21321 8.0748e-05
0.21421 8.1829e-05
0.21522 8.2923e-05
0.21622 8.403e-05
0.21722 8.5151e-05
0.21822 8.6285e-05
0.21872 8.6857e-05
0.21922 8.7432e-05
0.21972 8.8011e-05
0.22022 8.8594e-05
0.22072 8.918e-05
0.22122 8.9769e-05
0.22172 9.0362e-05
0.22222 9.0959e-05
0.22272 9.1559e-05
0.22322 9.2163e-05
0.22372 9.277e-05
0.22422 9.3381e-05
0.22472 9.3996e-05
0.22523 9.4614e-05
0.22573 9.5236e-05
0.22623 9.5862e-05
0.22673 9.6492e-05
0.22723 9.7125e-05
0.22773 9.7762e-05
0.22823 9.8403e-05
0.22873 9.9048e-05
0.22923 9.9697e-05
0.22973 0.00010035
0.23023 0.00010101
0.23073 0.00010167
0.23123 0.00010233
0.23173 0.000103
0.23223 0.00010367
0.23273 0.00010435
0.23323 0.00010503
0.23373 0.00010571
0.23423 0.0001064
0.23473 0.00010709
0.23524 0.00010779
0.23574 0.00010849
0.23624 0.0001092
0.23674 0.00010991
0.23724 0.00011062
0.23774 0.00011134
0.23824 0.00011206
0.23874 0.00011279
0.23924 0.00011352
0.23974 0.00011425
0.24024 0.00011499
0.24074 0.00011574
0.24124 0.00011648
0.24174 0.00011724
0.24224 0.000118
0.24274 0.00011876
0.24324 0.00011952
0.24374 0.00012029
0.24424 0.00012107
0.24474 0.00012185
0.24525 0.00012264
0.24575 0.00012343
0.24625 0.00012422
0.24675 0.00012502
0.24725 0.00012582
0.24775 0.00012663
0.24825 0.00012744
0.24875 0.00012826
0.24925 0.00012909
0.24975 0.00012991
0.25025 0.00013075
0.25075 0.00013159
0.25125 0.00013243
0.25175 0.00013328
0.25225 0.00013413
0.25275 0.00013499
0.25325 0.00013585
0.25375 0.00013672
0.25425 0.00013759
0.25475 0.00013847
0.25526 0.00013936
0.25576 0.00014024
0.25626 0.00014114
0.25676 0.00014204
0.25726 0.00014294
0.25776 0.00014386
0.25826 0.00014477
0.25876 0.00014569
0.25926 0.00014662
0.25976 0.00014755
0.26026 0.00014849
0.26076 0.00014943
0.26126 0.00015038
0.26176 0.00015134
0.26226 0.0001523
0.26276 0.00015326
0.26326 0.00015424
0.26376 0.00015521
0.26426 0.0001562
0.26476 0.00015719
0.26527 0.00015818
0.26577 0.00015918
0.26627 0.00016019
0.26677 0.0001612
0.26727 0.00016222
0.26777 0.00016325
0.26827 0.00016428
0.26877 0.00016532
0.26927 0.00016636
0.26977 0.00016741
0.27027 0.00016847
0.27077 0.00016953
0.27127 0.0001706
0.27177 0.00017167
0.27227 0.00017275
0.27277 0.00017384
0.27327 0.00017493
0.27377 0.00017603
0.27427 0.00017714
0.27477 0.00017825
0.27528 0.00017937
0.27578 0.0001805
0.27628 0.00018163
0.27678 0.00018278
0.27728 0.00018392
0.27778 0.00018508
0.27828 0.00018624
0.27878 0.0001874
0.27928 0.00018858
0.27978 0.00018976
0.28028 0.00019095
0.28078 0.00019214
0.28128 0.00019335
0.28178 0.00019456
0.28228 0.00019577
0.28278 0.000197
0.28328 0.00019823
0.28378 0.00019947
0.28428 0.00020071
0.28478 0.00020196
0.28529 0.00020323
0.28579 0.00020449
0.28629 0.00020577
0.28679 0.00020705
0.28729 0.00020834
0.28779 0.00020964
0.28829 0.00021095
0.28879 0.00021226
0.28929 0.00021358
0.28979 0.00021491
0.29029 0.00021625
0.29079 0.00021759
0.29129 0.00021895
0.29179 0.00022031
0.29229 0.00022168
0.29279 0.00022305
0.29329 0.00022444
0.29379 0.00022583
0.29429 0.00022723
0.29479 0.00022864
0.2953 0.00023006
0.2958 0.00023149
0.2963 0.00023292
0.2968 0.00023437
0.2973 0.00023582
0.2978 0.00023728
0.2983 0.00023875
0.2988 0.00024023
0.2993 0.00024171
0.2998 0.00024321
0.3003 0.00024471
0.3008 0.00024623
0.3013 0.00024775
0.3018 0.00024928
0.3023 0.00025082
0.3028 0.00025237
0.3033 0.00025393
0.3038 0.00025549
0.3043 0.00025707
0.3048 0.00025866
0.30531 0.00026025
0.30581 0.00026186
0.30631 0.00026347
0.30681 0.00026509
0.30731 0.00026673
0.30781 0.00026837
0.30831 0.00027002
0.30881 0.00027169
0.30931 0.00027336
0.30981 0.00027504
0.31031 0.00027673
0.31081 0.00027843
0.31131 0.00028014
0.31181 0.00028187
0.31231 0.0002836
0.31281 0.00028534
0.31331 0.00028709
0.31381 0.00028886
0.31431 0.00029063
0.31481 0.00029241
0.31532 0.00029421
0.31582 0.00029601
0.31632 0.00029783
0.31682 0.00029965
0.31732 0.00030149
0.31782 0.00030334
0.31832 0.0003052
0.31882 0.00030707
0.31932 0.00030895
0.31982 0.00031084
0.32032 0.00031274
0.32082 0.00031465
0.32132 0.00031658
0.32182 0.00031852
0.32232 0.00032046
0.32282 0.00032242
0.32332 0.00032439
0.32382 0.00032638
0.32432 0.00032837
0.32482 0.00033038
0.32533 0.00033239
0.32583 0.00033442
0.32633 0.00033646
0.32683 0.00033852
0.32733 0.00034058
0.32783 0.00034266
0.32833 0.00034475
0.32883 0.00034685
0.32933 0.00034897
0.32983 0.00035109
0.33033 0.00035323
0.33083 0.00035538
0.33133 0.00035755
0.33183 0.00035973
0.33233 0.00036192
0.33283 0.00036412
0.33333 0.00036633
0.33383 0.00036856
0.33433 0.00037081
0.33483 0.00037306
0.33534 0.00037533
0.33584 0.00037761
0.33634 0.00037991
0.33684 0.00038221
0.33734 0.00038454
0.33784 0.00038687
0.33834 0.00038922
0.33884 0.00039158
0.33934 0.00039396
0.33984 0.00039635
0.34034 0.00039876
0.34084 0.00040118
0.34134 0.00040361
0.34184 0.00040606
0.34234 0.00040852
0.34284 0.000411
0.34334 0.00041349
0.34384 0.00041599
0.34434 0.00041851
0.34484 0.00042105
0.34535 0.0004236
0.34585 0.00042616
0.34635 0.00042874
0.34685 0.00043134
0.34735 0.00043395
0.34785 0.00043657
0.34835 0.00043922
0.34885 0.00044187
0.34935 0.00044454
0.34985 0.00044723
0.35035 0.00044994
0.35085 0.00045265
0.35135 0.00045539
0.35185 0.00045814
0.35235 0.00046091
0.35285 0.00046369
0.35335 0.00046649
0.35385 0.00046931
0.35435 0.00047214
0.35485 0.00047499
0.35536 0.00047786
0.35586 0.00048074
0.35636 0.00048364
0.35686 0.00048656
0.35736 0.00048949
0.35786 0.00049244
0.35836 0.00049541
0.35886 0.0004984
0.35936 0.0005014
0.35986 0.00050442
0.36036 0.00050746
0.36086 0.00051052
0.36136 0.00051359
0.36186 0.00051668
0.36236 0.00051979
0.36286 0.00052292
0.36336 0.00052607
0.36386 0.00052923
0.36436 0.00053242
0.36486 0.00053562
0.36537 0.00053884
0.36587 0.00054208
0.36637 0.00054534
0.36687 0.00054862
0.36737 0.00055192
0.36787 0.00055523
0.36837 0.00055857
0.36887 0.00056193
0.36937 0.0005653
0.36987 0.0005687
0.37037 0.00057211
0.37087 0.00057555
0.37137 0.000579
0.37187 0.00058248
0.37237 0.00058597
0.37287 0.00058949
0.37337 0.00059302
0.37387 0.00059658
0.37437 0.00060016
0.37487 0.00060376
0.37538 0.00060738
0.37588 0.00061102
0.37638 0.00061468
0.37688 0.00061837
0.37738 0.00062207
0.37788 0.0006258
0.37838 0.00062955
0.37888 0.00063332
0.37938 0.00063711
0.37988 0.00064093
0.38038 0.00064476
0.38088 0.00064862
0.38138 0.00065251
0.38188 0.00065641
0.38238 0.00066034
0.38288 0.00066429
0.38338 0.00066827
0.38388 0.00067226
0.38438 0.00067628
0.38488 0.00068033
0.38539 0.00068439
0.38589 0.00068849
0.38639 0.0006926
0.38689 0.00069674
0.38739 0.00070091
0.38789 0.00070509
0.38839 0.00070931
0.38889 0.00071354
0.38939 0.0007178
0.38989 0.00072209
0.39039 0.0007264
0.39089 0.00073074
0.39139 0.0007351
0.39189 0.00073949
0.39239 0.0007439
0.39289 0.00074834
0.39339 0.00075281
0.39389 0.0007573
0.39439 0.00076182
0.39489 0.00076636
0.3954 0.00077093
0.3959 0.00077553
0.3964 0.00078015
0.3969 0.0007848
0.3974 0.00078948
0.3979 0.00079419
0.3984 0.00079892
0.3989 0.00080368
0.3994 0.00080847
0.3999 0.00081329
0.4004 0.00081813
0.4009 0.000823
0.4014 0.0008279
0.4019 0.00083283
0.4024 0.00083779
0.4029 0.00084278
0.4034 0.0008478
0.4039 0.00085284
0.4044 0.00085792
0.4049 0.00086302
0.40541 0.00086816
0.40591 0.00087332
0.40641 0.00087852
0.40691 0.00088374
0.40741 0.000889
0.40791 0.00089428
0.40841 0.0008996
0.40891 0.00090495
0.40941 0.00091033
0.40991 0.00091574
0.41041 0.00092118
0.41091 0.00092666
0.41141 0.00093216
0.41191 0.0009377
0.41241 0.00094327
0.41291 0.00094888
0.41341 0.00095451
0.41391 0.00096018
0.41441 0.00096588
0.41491 0.00097162
0.41542 0.00097738
0.41592 0.00098319
0.41642 0.00098902
0.41692 0.00099489
0.41742 0.0010008
0.41792 0.0010067
0.41842 0.0010127
0.41892 0.0010187
0.41942 0.0010248
0.41992 0.0010308
0.42042 0.001037
0.42092 0.0010431
0.42142 0.0010493
0.42192 0.0010555
0.42242 0.0010618
0.42292 0.0010681
0.42342 0.0010744
0.42392 0.0010808
0.42442 0.0010872
0.42492 0.0010936
0.42543 0.0011001
0.42593 0.0011066
0.42643 0.0011132
0.42693 0.0011198
0.42743 0.0011264
0.42793 0.0011331
0.42843 0.0011398
0.42893 0.0011465
0.42943 0.0011533
0.42993 0.0011601
0.43043 0.001167
0.43093 0.0011739
0.43143 0.0011809
0.43193 0.0011878
0.43243 0.0011949
0.43293 0.0012019
0.43343 0.0012091
0.43393 0.0012162
0.43443 0.0012234
0.43493 0.0012306
0.43544 0.0012379
0.43594 0.0012452
0.43644 0.0012526
0.43694 0.00126
0.43744 0.0012675
0.43794 0.001275
0.43844 0.0012825
0.43894 0.0012901
0.43944 0.0012977
0.43994 0.0013054
0.44044 0.0013131
0.44094 0.0013208
0.44144 0.0013286
0.44194 0.0013365
0.44244 0.0013444
0.44294 0.0013523
0.44344 0.0013603
0.44394 0.0013683
0.44444 0.0013764
0.44494 0.0013846
0.44545 0.0013927
0.44595 0.001401
0.44645 0.0014092
0.44695 0.0014175
0.44745 0.0014259
0.44795 0.0014343
0.44845 0.0014428
0.44895 0.0014513
0.44945 0.0014599
0.44995 0.0014685
0.45045 0.0014772
0.45095 0.0014859
0.45145 0.0014946
0.45195 0.0015034
0.45245 0.0015123
0.45295 0.0015212
0.45345 0.0015302
0.45395 0.0015392
0.45445 0.0015483
0.45495 0.0015574
0.45546 0.0015666
0.45596 0.0015759
0.45646 0.0015851
0.45696 0.0015945
0.45746 0.0016039
0.45796 0.0016133
0.45846 0.0016228
0.45896 0.0016324
0.45946 0.001642
0.45996 0.0016517
0.46046 0.0016614
0.46096 0.0016712
0.46146 0.0016811
0.46196 0.001691
0.46246 0.0017009
0.46296 0.0017109
0.46346 0.001721
0.46396 0.0017312
0.46446 0.0017413
0.46496 0.0017516
0.46547 0.0017619
0.46597 0.0017723
0.46647 0.0017827
0.46697 0.0017932
0.46747 0.0018038
0.46797 0.0018144
0.46847 0.0018251
0.46897 0.0018358
0.46947 0.0018466
0.46997 0.0018575
0.47047 0.0018684
0.47097 0.0018794
0.47147 0.0018904
0.47197 0.0019016
0.47247 0.0019127
0.47297 0.001924
0.47347 0.0019353
0.47397 0.0019467
0.47447 0.0019581
0.47497 0.0019697
0.47548 0.0019812
0.47598 0.0019929
0.47648 0.0020046
0.47698 0.0020164
0.47748 0.0020282
0.47798 0.0020402
0.47848 0.0020522
0.47898 0.0020642
0.47948 0.0020763
0.47998 0.0020885
0.48048 0.0021008
0.48098 0.0021132
0.48148 0.0021256
0.48198 0.0021381
0.48248 0.0021506
0.48298 0.0021633
0.48348 0.002176
0.48398 0.0021888
0.48448 0.0022016
0.48498 0.0022145
0.48549 0.0022276
0.48599 0.0022406
0.48649 0.0022538
0.48699 0.002267
0.48749 0.0022803
0.48799 0.0022937
0.48849 0.0023072
0.48899 0.0023207
0.48949 0.0023344
0.48999 0.0023481
0.49049 0.0023618
0.49099 0.0023757
0.49149 0.0023897
0.49199 0.0024037
0.49249 0.0024178
0.49299 0.002432
0.49349 0.0024462
0.49399 0.0024606
0.49449 0.002475
0.49499 0.0024896
0.4955 0.0025042
0.496 0.0025189
0.4965 0.0025336
0.497 0.0025485
0.4975 0.0025634
0.498 0.0025785
0.4985 0.0025936
0.499 0.0026088
0.4995 0.0026241
0.5 0.0026395
0.5005 0.002655
0.501 0.0026705
0.5015 0.0026862
0.502 0.0027019
0.5025 0.0027178
0.503 0.0027337
0.5035 0.0027497
0.504 0.0027659
0.5045 0.0027821
0.50501 0.0027984
0.50551 0.0028148
0.50601 0.0028313
0.50651 0.0028479
0.50701 0.0028646
0.50751 0.0028813
0.50801 0.0028982
0.50851 0.0029152
0.50901 0.0029323
0.50951 0.0029495
0.51001 0.0029668
0.51051 0.0029841
0.51101 0.0030016
0.51151 0.0030192
0.51201 0.0030369
0.51251 0.0030547
0.51301 0.0030726
0.51351 0.0030906
0.51401 0.0031087
0.51451 0.0031269
0.51502 0.0031452
0.51552 0.0031636
0.51602 0.0031821
0.51652 0.0032008
0.51702 0.0032195
0.51752 0.0032383
0.51802 0.0032573
0.51852 0.0032764
0.51902 0.0032956
0.51952 0.0033148
0.52002 0.0033343
0.52052 0.0033538
0.52102 0.0033734
0.52152 0.0033931
0.52202 0.003413
0.52252 0.003433
0.52302 0.0034531
0.52352 0.0034733
0.52402 0.0034936
0.52452 0.003514
0.52503 0.0035346
0.52553 0.0035553
0.52603 0.0035761
0.52653 0.003597
0.52703 0.0036181
0.52753 0.0036392
0.52803 0.0036605
0.52853 0.0036819
0.52903 0.0037035
0.52953 0.0037251
0.53003 0.0037469
0.53053 0.0037688
0.53103 0.0037909
0.53153 0.003813
0.53203 0.0038353
0.53253 0.0038578
0.53303 0.0038803
0.53353 0.003903
0.53403 0.0039259
0.53453 0.0039488
0.53504 0.0039719
0.53554 0.0039951
0.53604 0.0040185
0.53654 0.004042
0.53704 0.0040656
0.53754 0.0040894
0.53804 0.0041133
0.53854 0.0041373
0.53904 0.0041615
0.53954 0.0041858
0.54004 0.0042103
0.54054 0.0042349
0.54104 0.0042597
0.54154 0.0042846
0.54204 0.0043096
0.54254 0.0043348
0.54304 0.0043601
0.54354 0.0043856
0.54404 0.0044112
0.54454 0.004437
0.54505 0.0044629
0.54555 0.004489
0.54605 0.0045152
0.54655 0.0045416
0.54705 0.0045682
0.54755 0.0045948
0.54805 0.0046217
0.54855 0.0046487
0.54905 0.0046758
0.54955 0.0047032
0.55005 0.0047306
0.55055 0.0047583
0.55105 0.0047861
0.55155 0.004814
0.55205 0.0048421
0.55255 0.0048704
0.55305 0.0048989
0.55355 0.0049275
0.55405 0.0049563
0.55455 0.0049852
0.55506 0.0050143
0.55556 0.0050436
0.55606 0.005073
0.55656 0.0051027
0.55706 0.0051325
0.55756 0.0051624
0.55806 0.0051926
0.55856 0.0052229
0.55906 0.0052534
0.55956 0.0052841
0.56006 0.0053149
0.56056 0.0053459
0.56106 0.0053771
0.56156 0.0054085
0.56206 0.0054401
0.56256 0.0054719
0.56306 0.0055038
0.56356 0.0055359
0.56406 0.0055683
0.56456 0.0056008
0.56507 0.0056334
0.56557 0.0056663
0.56607 0.0056994
0.56657 0.0057327
0.56707 0.0057661
0.56757 0.0057998
0.56807 0.0058336
0.56857 0.0058677
0.56907 0.0059019
0.56957 0.0059363
0.57007 0.005971
0.57057 0.0060058
0.57107 0.0060409
0.57157 0.0060761
0.57207 0.0061116
0.57257 0.0061472
0.57307 0.0061831
0.57357 0.0062192
0.57407 0.0062555
0.57457 0.006292
0.57508 0.0063287
0.57558 0.0063656
0.57608 0.0064027
0.57658 0.0064401
0.57708 0.0064777
0.57758 0.0065154
0.57808 0.0065534
0.57858 0.0065917
0.57908 0.0066301
0.57958 0.0066688
0.58008 0.0067077
0.58058 0.0067468
0.58108 0.0067862
0.58158 0.0068258
0.58208 0.0068656
0.58258 0.0069056
0.58308 0.0069459
0.58358 0.0069864
0.58408 0.0070271
0.58458 0.0070681
0.58509 0.0071093
0.58559 0.0071508
0.58609 0.0071925
0.58659 0.0072345
0.58709 0.0072766
0.58759 0.0073191
0.58809 0.0073617
0.58859 0.0074047
0.58909 0.0074479
0.58959 0.0074913
0.59009 0.007535
0.59059 0.0075789
0.59109 0.0076231
0.59159 0.0076675
0.59209 0.0077122
0.59259 0.0077572
0.59309 0.0078024
0.59359 0.0078479
0.59409 0.0078937
0.59459 0.0079397
0.5951 0.007986
0.5956 0.0080325
0.5961 0.0080794
0.5966 0.0081265
0.5971 0.0081738
0.5976 0.0082215
0.5981 0.0082694
0.5986 0.0083176
0.5991 0.0083661
0.5996 0.0084149
0.6001 0.0084639
0.6006 0.0085133
0.6011 0.0085629
0.6016 0.0086128
0.6021 0.008663
0.6026 0.0087135
0.6031 0.0087643
0.6036 0.0088154
0.6041 0.0088667
0.6046 0.0089184
0.60511 0.0089704
0.60561 0.0090227
0.60611 0.0090753
0.60661 0.0091281
0.60711 0.0091813
0.60761 0.0092348
0.60811 0.0092887
0.60861 0.0093428
0.60911 0.0093972
0.60961 0.009452
0.61011 0.0095071
0.61061 0.0095625
0.61111 0.0096182
0.61161 0.0096743
0.61211 0.0097306
0.61261 0.0097873
0.61311 0.0098444
0.61361 0.0099017
0.61411 0.0099594
0.61461 0.010017
0.61512 0.010076
0.61562 0.010135
0.61612 0.010194
0.61662 0.010253
0.61712 0.010313
0.61762 0.010373
0.61812 0.010433
0.61862 0.010494
0.61912 0.010555
0.61962 0.010617
0.62012 0.010679
0.62062 0.010741
0.62112 0.010803
0.62162 0.010866
0.62212 0.01093
0.62262 0.010993
0.62312 0.011057
0.62362 0.011122
0.62412 0.011187
0.62462 0.011252
0.62513 0.011317
0.62563 0.011383
0.62613 0.01145
0.62663 0.011516
0.62713 0.011583
0.62763 0.011651
0.62813 0.011719
0.62863 0.011787
0.62913 0.011856
0.62963 0.011925
0.63013 0.011994
0.63063 0.012064
0.63113 0.012134
0.63163 0.012205
0.63213 0.012276
0.63263 0.012348
0.63313 0.01242
0.63363 0.012492
0.63413 0.012565
0.63463 0.012638
0.63514 0.012711
0.63564 0.012786
0.63614 0.01286
0.63664 0.012935
0.63714 0.01301
0.63764 0.013086
0.63814 0.013162
0.63864 0.013239
0.63914 0.013316
0.63964 0.013394
0.64014 0.013472
0.64064 0.01355
0.64114 0.013629
0.64164 0.013708
0.64214 0.013788
0.64264 0.013869
0.64314 0.013949
0.64364 0.014031
0.64414 0.014112
0.64464 0.014195
0.64515 0.014277
0.64565 0.01436
0.64615 0.014444
0.64665 0.014528
0.64715 0.014613
0.64765 0.014698
0.64815 0.014784
0.64865 0.01487
0.64915 0.014956
0.64965 0.015043
0.65015 0.015131
0.65065 0.015219
0.65115 0.015308
0.65165 0.015397
0.65215 0.015487
0.65265 0.015577
0.65315 0.015668
0.65365 0.015759
0.65415 0.015851
0.65465 0.015943
0.65516 0.016036
0.65566 0.016129
0.65616 0.016223
0.65666 0.016318
0.65716 0.016413
0.65766 0.016508
0.65816 0.016605
0.65866 0.016701
0.65916 0.016799
0.65966 0.016896
0.66016 0.016995
0.66066 0.017094
0.66116 0.017193
0.66166 0.017294
0.66216 0.017394
0.66266 0.017496
0.66316 0.017598
0.66366 0.0177
0.66416 0.017803
0.66466 0.017907
0.66517 0.018011
0.66567 0.018116
0.66617 0.018222
0.66667 0.018328
0.66717 0.018435
0.66767 0.018542
0.66817 0.01865
0.66867 0.018759
0.66917 0.018868
0.66967 0.018978
0.67017 0.019088
0.67067 0.0192
0.67117 0.019311
0.67167 0.019424
0.67217 0.019537
0.67267 0.019651
0.67317 0.019765
0.67367 0.019881
0.67417 0.019996
0.67467 0.020113
0.67518 0.02023
0.67568 0.020348
0.67618 0.020467
0.67668 0.020586
0.67718 0.020706
0.67768 0.020826
0.67818 0.020948
0.67868 0.02107
0.67918 0.021193
0.67968 0.021316
0.68018 0.02144
0.68068 0.021565
0.68118 0.021691
0.68168 0.021817
0.68218 0.021944
0.68268 0.022072
0.68318 0.022201
0.68368 0.02233
0.68418 0.02246
0.68468 0.022591
0.68519 0.022723
0.68569 0.022855
0.68619 0.022988
0.68669 0.023122
0.68719 0.023257
0.68769 0.023393
0.68819 0.023529
0.68869 0.023666
0.68919 0.023804
0.68969 0.023943
0.69019 0.024082
0.69069 0.024223
0.69119 0.024364
0.69169 0.024506
0.69219 0.024649
0.69269 0.024792
0.69319 0.024937
0.69369 0.025082
0.69419 0.025228
0.69469 0.025375
0.6952 0.025523
0.6957 0.025672
0.6962 0.025822
0.6967 0.025972
0.6972 0.026124
0.6977 0.026276
0.6982 0.026429
0.6987 0.026583
0.6992 0.026738
0.6997 0.026894
0.7002 0.027051
0.7007 0.027209
0.7012 0.027367
0.7017 0.027527
0.7022 0.027687
0.7027 0.027849
0.7032 0.028011
0.7037 0.028174
0.7042 0.028339
0.7047 0.028504
0.70521 0.02867
0.70571 0.028837
0.70621 0.029005
0.70671 0.029175
0.70721 0.029345
0.70771 0.029516
0.70821 0.029688
0.70871 0.029861
0.70921 0.030035
0.70971 0.03021
0.71021 0.030387
0.71071 0.030564
0.71121 0.030742
0.71171 0.030921
0.71221 0.031102
0.71271 0.031283
0.71321 0.031466
0.71371 0.031649
0.71421 0.031834
0.71471 0.032019
0.71522 0.032206
0.71572 0.032394
0.71622 0.032583
0.71672 0.032773
0.71722 0.032964
0.71772 0.033157
0.71822 0.03335
0.71872 0.033545
0.71922 0.03374
0.71972 0.033937
0.72022 0.034135
0.72072 0.034334
0.72122 0.034535
0.72172 0.034736
0.72222 0.034939
0.72272 0.035143
0.72322 0.035348
0.72372 0.035554
0.72422 0.035762
0.72472 0.035971
0.72523 0.036181
0.72573 0.036392
0.72623 0.036604
0.72673 0.036818
0.72723 0.037033
0.72773 0.037249
0.72823 0.037466
0.72873 0.037685
0.72923 0.037905
0.72973 0.038126
0.73023 0.038349
0.73073 0.038573
0.73123 0.038798
0.73173 0.039025
0.73223 0.039252
0.73273 0.039482
0.73323 0.039712
0.73373 0.039944
0.73423 0.040177
0.73473 0.040412
0.73524 0.040648
0.73574 0.040885
0.73624 0.041124
0.73674 0.041364
0.73724 0.041606
0.73774 0.041849
0.73824 0.042093
0.73874 0.042339
0.73924 0.042587
0.73974 0.042835
0.74024 0.043086
0.74074 0.043337
0.74124 0.043591
0.74174 0.043845
0.74224 0.044101
0.74274 0.044359
0.74324 0.044618
0.74374 0.044879
0.74424 0.045141
0.74474 0.045405
0.74525 0.045671
0.74575 0.045937
0.74625 0.046206
0.74675 0.046476
0.74725 0.046748
0.74775 0.047021
0.74825 0.047296
0.74875 0.047572
0.74925 0.04785
0.74975 0.04813
0.75025 0.048412
0.75075 0.048695
0.75125 0.048979
0.75175 0.049266
0.75225 0.049554
0.75275 0.049844
0.75325 0.050135
0.75375 0.050428
0.75425 0.050723
0.75475 0.05102
0.75526 0.051318
0.75576 0.051619
0.75626 0.051921
0.75676 0.052224
0.75726 0.05253
0.75776 0.052837
0.75826 0.053146
0.75876 0.053457
0.75926 0.05377
0.75976 0.054085
0.76026 0.054401
0.76076 0.05472
0.76126 0.05504
0.76176 0.055362
0.76226 0.055686
0.76276 0.056012
0.76326 0.05634
0.76376 0.05667
0.76426 0.057001
0.76476 0.057335
0.76527 0.057671
0.76577 0.058009
0.76627 0.058348
0.76677 0.05869
0.76727 0.059034
0.76777 0.059379
0.76827 0.059727
0.76877 0.060077
0.76927 0.060429
0.76977 0.060783
0.77027 0.061139
0.77077 0.061497
0.77127 0.061857
0.77177 0.06222
0.77227 0.062584
0.77277 0.062951
0.77327 0.06332
0.77377 0.063691
0.77427 0.064064
0.77477 0.06444
0.77528 0.064818
0.77578 0.065197
0.77628 0.06558
0.77678 0.065964
0.77728 0.066351
0.77778 0.06674
0.77828 0.067131
0.77878 0.067525
0.77928 0.067921
0.77978 0.068319
0.78028 0.06872
0.78078 0.069123
0.78128 0.069528
0.78178 0.069936
0.78228 0.070347
0.78278 0.070759
0.78328 0.071175
0.78378 0.071592
0.78428 0.072012
0.78478 0.072435
0.78529 0.07286
0.78579 0.073288
0.78629 0.073718
0.78679 0.074151
0.78729 0.074586
0.78779 0.075024
0.78829 0.075464
0.78879 0.075907
0.78929 0.076353
0.78979 0.076802
0.79029 0.077253
0.79079 0.077706
0.79129 0.078163
0.79179 0.078622
0.79229 0.079084
0.79279 0.079548
0.79329 0.080016
0.79379 0.080486
0.79429 0.080959
0.79479 0.081435
0.7953 0.081913
0.7958 0.082395
0.7963 0.082879
0.7968 0.083367
0.7973 0.083857
0.7978 0.08435
0.7983 0.084846
0.7988 0.085345
0.7993 0.085847
0.7998 0.086352
0.8003 0.086859
0.8008 0.08737
0.8013 0.087884
0.8018 0.088402
0.8023 0.088922
0.8028 0.089445
0.8033 0.089971
0.8038 0.090501
0.8043 0.091034
0.8048 0.091569
0.80531 0.092109
0.80581 0.092651
0.80631 0.093196
0.80681 0.093745
0.80731 0.094297
0.80781 0.094853
0.80831 0.095411
0.80881 0.095973
0.80931 0.096539
0.80981 0.097108
0.81031 0.09768
0.81081 0.098256
0.81131 0.098835
0.81181 0.099417
0.81231 0.1
0.81281 0.10059
0.81331 0.10119
0.81381 0.10178
0.81431 0.10238
0.81481 0.10299
0.81532 0.10359
0.81582 0.1042
0.81632 0.10482
0.81682 0.10544
0.81732 0.10606
0.81782 0.10669
0.81832 0.10732
0.81882 0.10795
0.81932 0.10859
0.81982 0.10923
0.82032 0.10987
0.82082 0.11052
0.82132 0.11117
0.82182 0.11183
0.82232 0.11249
0.82282 0.11316
0.82332 0.11382
0.82382 0.1145
0.82432 0.11517
0.82482 0.11585
0.82533 0.11654
0.82583 0.11723
0.82633 0.11792
0.82683 0.11862
0.82733 0.11932
0.82783 0.12002
0.82833 0.12073
0.82883 0.12145
0.82933 0.12217
0.82983 0.12289
0.83033 0.12362
0.83083 0.12435
0.83133 0.12509
0.83183 0.12583
0.83233 0.12657
0.83283 0.12732
0.83333 0.12807
0.83383 0.12883
0.83433 0.1296
0.83483 0.13036
0.83534 0.13114
0.83584 0.13191
0.83634 0.13269
0.83684 0.13348
0.83734 0.13427
0.83784 0.13507
0.83834 0.13587
0.83884 0.13667
0.83934 0.13749
0.83984 0.1383
0.84034 0.13912
0.84084 0.13995
0.84134 0.14078
0.84184 0.14161
0.84234 0.14245
0.84284 0.1433
0.84334 0.14415
0.84384 0.14501
0.84434 0.14587
0.84484 0.14673
0.84535 0.1476
0.84585 0.14848
0.84635 0.14936
0.84685 0.15025
0.84735 0.15114
0.84785 0.15204
0.84835 0.15295
0.84885 0.15386
0.84935 0.15477
0.84985 0.15569
0.85035 0.15662
0.85085 0.15755
0.85135 0.15849
0.85185 0.15943
0.85235 0.16038
0.85285 0.16134
0.85335 0.1623
0.85385 0.16326
0.85435 0.16424
0.85485 0.16521
0.85536 0.1662
0.85586 0.16719
0.85636 0.16819
0.85686 0.16919
0.85736 0.1702
0.85786 0.17121
0.85836 0.17223
0.85886 0.17326
0.85936 0.17429
0.85986 0.17533
0.86036 0.17638
0.86086 0.17743
0.86136 0.17849
0.86186 0.17956
0.86236 0.18063
0.86286 0.18171
0.86336 0.1828
0.86386 0.18389
0.86436 0.18499
0.86486 0.18609
0.86537 0.18721
0.86587 0.18832
0.86637 0.18945
0.86687 0.19058
0.86737 0.19172
0.86787 0.19287
0.86837 0.19403
0.86887 0.19519
0.86937 0.19636
0.86987 0.19753
0.87037 0.19872
0.87087 0.19991
0.87137 0.2011
0.87187 0.20231
0.87237 0.20352
0.87287 0.20474
0.87337 0.20597
0.87387 0.20721
0.87437 0.20845
0.87487 0.2097
0.87538 0.21096
0.87588 0.21222
0.87638 0.2135
0.87688 0.21478
0.87738 0.21607
0.87788 0.21737
0.87838 0.21868
0.87888 0.21999
0.87938 0.22131
0.87988 0.22264
0.88038 0.22398
0.88088 0.22533
0.88138 0.22669
0.88188 0.22805
0.88238 0.22942
0.88288 0.2308
0.88338 0.23219
0.88388 0.23359
0.88438 0.235
0.88488 0.23642
0.88539 0.23784
0.88589 0.23927
0.88639 0.24072
0.88689 0.24217
0.88739 0.24363
0.88789 0.2451
0.88839 0.24658
0.88889 0.24807
0.88939 0.24957
0.88989 0.25107
0.89039 0.25259
0.89089 0.25412
0.89189 0.2572
0.89289 0.26032
0.89389 0.26348
0.89489 0.26668
0.8959 0.26992
0.8969 0.2732
0.8979 0.27652
0.8989 0.27989
0.8999 0.2833
0.9009 0.28675
0.9019 0.29024
0.9029 0.29378
0.9039 0.29737
0.9049 0.301
0.90591 0.30468
0.90691 0.3084
0.90791 0.31217
0.90891 0.316
0.90991 0.31987
0.91091 0.32378
0.91191 0.32775
0.91291 0.33178
0.91391 0.33585
0.91491 0.33997
0.91592 0.34415
0.91692 0.34839
0.91792 0.35267
0.91892 0.35702
0.91992 0.36142
0.92092 0.36587
0.92192 0.37039
0.92292 0.37496
0.92392 0.3796
0.92492 0.38429
0.92593 0.38905
0.92693 0.39387
0.92793 0.39875
0.92893 0.40369
0.92993 0.4087
0.93093 0.41378
0.93193 0.41893
0.93293 0.42414
0.93393 0.42942
0.93493 0.43477
0.93594 0.44019
0.93694 0.44568
0.93794 0.45125
0.93894 0.45689
0.93994 0.46261
0.94094 0.4684
0.94194 0.47427
0.94294 0.48022
0.94394 0.48625
0.94494 0.49236
0.94595 0.49856
0.94695 0.50483
0.94795 0.51119
0.94895 0.51764
0.94995 0.52418
0.95095 0.5308
0.95195 0.53751
0.95295 0.54432
0.95395 0.55122
0.95495 0.55821
0.95596 0.5653
0.95696 0.57248
0.95796 0.57977
0.95896 0.58715
0.96046 0.59842
0.96196 0.60993
0.96346 0.62167
0.96496 0.63366
0.96647 0.6459
0.96797 0.6584
0.96947 0.67117
0.97097 0.6842
0.97247 0.69751
0.97397 0.71111
0.97548 0.725
0.97698 0.73918
0.97848 0.75367
0.97998 0.76848
0.98148 0.7836
0.98298 0.79906
0.98448 0.81485
0.98599 0.83099
0.98749 0.84748
0.98899 0.86433
0.99049 0.88156
0.99199 0.89917
0.99349 0.91718
0.99499 0.93559
0.9965 0.95441
0.998 0.97366
0.999 0.98673
1 1
