0 0
0.001001 6.6971e-11
0.002002 1.3529e-10
0.003003 2.0496e-10
0.004004 2.7602e-10
0.005005 3.4847e-10
0.006006 4.2233e-10
0.007007 4.9763e-10
0.008008 5.7438e-10
0.009009 6.526e-10
0.01001 7.3231e-10
0.011011 8.1354e-10
0.012012 8.9629e-10
0.013013 9.806e-10
0.014014 1.0665e-09
0.015015 1.1539e-09
0.016016 1.243e-09
0.017017 1.3338e-09
0.018018 1.4262e-09
0.019019 1.5202e-09
0.02002 1.616e-09
0.021021 1.7135e-09
0.022022 1.8128e-09
0.023023 1.9139e-09
0.024024 2.0168e-09
0.025025 2.1215e-09
0.026026 2.2281e-09
0.027027 2.3365e-09
0.028028 2.4469e-09
0.029029 2.5593e-09
0.03003 2.6736e-09
0.031031 2.7899e-09
0.032032 2.9083e-09
0.033033 3.0287e-09
0.034034 3.1512e-09
0.035035 3.2759e-09
0.036036 3.4027e-09
0.037037 3.5318e-09
0.038038 3.663e-09
0.039039 3.7966e-09
0.04004 3.9324e-09
0.041041 4.0706e-09
0.042042 4.2112e-09
0.043043 4.3541e-09
0.044044 4.4996e-09
0.045045 4.6475e-09
0.046046 4.798e-09
0.047047 4.951e-09
0.048048 5.1067e-09
0.049049 5.265e-09
0.05005 5.426e-09
0.051051 5.5898e-09
0.052052 5.7564e-09
0.053053 5.9258e-09
0.054054 6.0981e-09
0.055055 6.2734e-09
0.056056 6.4516e-09
0.057057 6.6328e-09
0.058058 6.8172e-09
0.059059 7.0047e-09
0.06006 7.1954e-09
0.061061 7.3893e-09
0.062062 7.5866e-09
0.063063 7.7872e-09
0.064064 7.9912e-09
0.065065 8.1987e-09
0.066066 8.4097e-09
0.067067 8.6243e-09
0.068068 8.8426e-09
0.069069 9.0646e-09
0.07007 9.2905e-09
0.071071 9.5201e-09
0.072072 9.7537e-09
0.073073 9.9913e-09
0.074074 1.0233e-08
0.075075 1.0479e-08
0.076076 1.0729e-08
0.077077 1.0983e-08
0.078078 1.1242e-08
0.079079 1.1505e-08
0.08008 1.1772e-08
0.081081 1.2045e-08
0.082082 1.2321e-08
0.083083 1.2603e-08
0.084084 1.289e-08
0.085085 1.3181e-08
0.086086 1.3478e-08
0.087087 1.3779e-08
0.088088 1.4086e-08
0.089089 1.4398e-08
0.09009 1.4716e-08
0.091091 1.5039e-08
0.092092 1.5367e-08
0.093093 1.5702e-08
0.094094 1.6042e-08
0.095095 1.6388e-08
0.096096 1.674e-08
0.097097 1.7099e-08
0.098098 1.7463e-08
0.099099 1.7834e-08
0.1001 1.8212e-08
0.1011 1.8596e-08
0.1021 1.8987e-08
0.1031 1.9384e-08
0.1041 1.9789e-08
0.10511 2.0201e-08
0.10611 2.062e-08
0.10711 2.1046e-08
0.10811 2.148e-08
0.10911 2.1922e-08
0.11011 2.2372e-08
0.11111 2.2829e-08
0.11211 2.3295e-08
0.11311 2.3769e-08
0.11411 2.4251e-08
0.11512 2.4742e-08
0.11612 2.5242e-08
0.11712 2.575e-08
0.11812 2.6268e-08
0.11912 2.6795e-08
0.12012 2.7332e-08
0.12112 2.7878e-08
0.12212 2.8434e-08
0.12312 2.9e-08
0.12412 2.9576e-08
0.12513 3.0162e-08
0.12613 3.0759e-08
0.12713 3.1367e-08
0.12813 3.1986e-08
0.12913 3.2616e-08
0.13013 3.3258e-08
0.13113 3.3911e-08
0.13213 3.4576e-08
0.13313 3.5254e-08
0.13413 3.5943e-08
0.13514 3.6645e-08
0.13614 3.736e-08
0.13714 3.8089e-08
0.13814 3.883e-08
0.13914 3.9585e-08
0.14014 4.0354e-08
0.14114 4.1137e-08
0.14214 4.1934e-08
0.14314 4.2746e-08
0.14414 4.3573e-08
0.14515 4.4416e-08
0.14615 4.5274e-08
0.14715 4.6147e-08
0.14815 4.7037e-08
0.14915 4.7944e-08
0.15015 4.8867e-08
0.15115 4.9807e-08
0.15215 5.0765e-08
0.15315 5.1741e-08
0.15415 5.2735e-08
0.15516 5.3747e-08
0.15616 5.4779e-08
0.15716 5.5829e-08
0.15816 5.69e-08
0.15916 5.799e-08
0.16016 5.9101e-08
0.16116 6.0232e-08
0.16216 6.1385e-08
0.16316 6.256e-08
0.16416 6.3756e-08
0.16517 6.4976e-08
0.16617 6.6218e-08
0.16717 6.7483e-08
0.16817 6.8773e-08
0.16917 7.0087e-08
0.17017 7.1425e-08
0.17117 7.2789e-08
0.17217 7.4179e-08
0.17317 7.5596e-08
0.17417 7.7039e-08
0.17518 7.8509e-08
0.17618 8.0008e-08
0.17718 8.1535e-08
0.17818 8.3091e-08
0.17918 8.4677e-08
0.18018 8.6293e-08
0.18118 8.794e-08
0.18218 8.9618e-08
0.18318 9.1329e-08
0.18418 9.3072e-08
0.18519 9.4849e-08
0.18619 9.6659e-08
0.18719 9.8505e-08
0.18819 1.0039e-07
0.18919 1.023e-07
0.19019 1.0426e-07
0.19119 1.0625e-07
0.19219 1.0828e-07
0.19319 1.1035e-07
0.19419 1.1245e-07
0.1952 1.146e-07
0.1962 1.168e-07
0.1972 1.1903e-07
0.1982 1.213e-07
0.1992 1.2362e-07
0.2002 1.2599e-07
0.2012 1.284e-07
0.2022 1.3086e-07
0.2032 1.3336e-07
0.2042 1.3592e-07
0.20521 1.3852e-07
0.20621 1.4118e-07
0.20721 1.4388e-07
0.20821 1.4664e-07
0.20921 1.4945e-07
0.21021 1.5232e-07
0.21121 1.5524e-07
0.21221 1.5822e-07
0.21321 1.6126e-07
0.21421 1.6436e-07
0.21522 1.6751e-07
0.21622 1.7073e-07
0.21722 1.7401e-07
0.21822 1.7736e-07
0.21922 1.8077e-07
0.22022 1.8425e-07
0.22122 1.878e-07
0.22222 1.9141e-07
0.22322 1.951e-07
0.22422 1.9886e-07
0.22523 2.0269e-07
0.22623 2.066e-07
0.22723 2.1059e-07
0.22823 2.1465e-07
0.22923 2.1879e-07
0.23023 2.2302e-07
0.23123 2.2732e-07
0.23223 2.3172e-07
0.23323 2.3619e-07
0.23423 2.4076e-07
0.23524 2.4542e-07
0.23624 2.5017e-07
0.23724 2.5501e-07
0.23824 2.5995e-07
0.23924 2.6498e-07
0.24024 2.7012e-07
0.24124 2.7535e-07
0.24224 2.8069e-07
0.24324 2.8614e-07
0.24424 2.9169e-07
0.24525 2.9735e-07
0.24625 3.0313e-07
0.24725 3.0902e-07
0.24825 3.1502e-07
0.24925 3.2115e-07
0.25025 3.2739e-07
0.25125 3.3376e-07
0.25225 3.4026e-07
0.25325 3.4688e-07
0.25425 3.5364e-07
0.25526 3.6053e-07
0.25626 3.6756e-07
0.25726 3.7472e-07
0.25826 3.8203e-07
0.25926 3.8948e-07
0.26026 3.9709e-07
0.26126 4.0484e-07
0.26226 4.1275e-07
0.26326 4.2081e-07
0.26426 4.2904e-07
0.26527 4.3742e-07
0.26627 4.4598e-07
0.26727 4.547e-07
0.26827 4.636e-07
0.26927 4.7268e-07
0.27027 4.8194e-07
0.27127 4.9138e-07
0.27227 5.0101e-07
0.27327 5.1083e-07
0.27427 5.2085e-07
0.27528 5.3107e-07
0.27628 5.4149e-07
0.27728 5.5212e-07
0.27828 5.6296e-07
0.27928 5.7402e-07
0.28028 5.853e-07
0.28128 5.968e-07
0.28228 6.0853e-07
0.28328 6.205e-07
0.28428 6.3271e-07
0.28529 6.4516e-07
0.28629 6.5786e-07
0.28729 6.7081e-07
0.28829 6.8403e-07
0.28929 6.975e-07
0.29029 7.1125e-07
0.29129 7.2527e-07
0.29229 7.3958e-07
0.29329 7.5416e-07
0.29429 7.6905e-07
0.2953 7.8422e-07
0.2963 7.9971e-07
0.2973 8.155e-07
0.2983 8.3161e-07
0.2993 8.4804e-07
0.3003 8.648e-07
0.3013 8.819e-07
0.3023 8.9934e-07
0.3033 9.1713e-07
0.3043 9.3527e-07
0.30531 9.5378e-07
0.30631 9.7267e-07
0.30731 9.9192e-07
0.30831 1.0116e-06
0.30931 1.0316e-06
0.31031 1.0521e-06
0.31131 1.0729e-06
0.31231 1.0942e-06
0.31331 1.1159e-06
0.31431 1.138e-06
0.31532 1.1606e-06
0.31632 1.1836e-06
0.31732 1.2071e-06
0.31832 1.2311e-06
0.31932 1.2555e-06
0.32032 1.2805e-06
0.32132 1.3059e-06
0.32232 1.3319e-06
0.32332 1.3583e-06
0.32432 1.3853e-06
0.32533 1.4129e-06
0.32633 1.441e-06
0.32733 1.4696e-06
0.32833 1.4989e-06
0.32933 1.5287e-06
0.33033 1.5591e-06
0.33133 1.5902e-06
0.33233 1.6219e-06
0.33333 1.6542e-06
0.33433 1.6871e-06
0.33534 1.7207e-06
0.33634 1.755e-06
0.33734 1.79e-06
0.33834 1.8257e-06
0.33934 1.8621e-06
0.34034 1.8992e-06
0.34134 1.9371e-06
0.34234 1.9758e-06
0.34334 2.0152e-06
0.34434 2.0554e-06
0.34535 2.0964e-06
0.34635 2.1383e-06
0.34735 2.181e-06
0.34835 2.2245e-06
0.34935 2.269e-06
0.35035 2.3143e-06
0.35135 2.3605e-06
0.35235 2.4077e-06
0.35335 2.4558e-06
0.35435 2.5049e-06
0.35536 2.555e-06
0.35636 2.6061e-06
0.35736 2.6582e-06
0.35836 2.7114e-06
0.35936 2.7657e-06
0.36036 2.821e-06
0.36136 2.8774e-06
0.36236 2.935e-06
0.36336 2.9938e-06
0.36436 3.0537e-06
0.36537 3.1149e-06
0.36637 3.1772e-06
0.36737 3.2409e-06
0.36837 3.3058e-06
0.36937 3.372e-06
0.37037 3.4396e-06
0.37137 3.5085e-06
0.37237 3.5788e-06
0.37337 3.6506e-06
0.37437 3.7237e-06
0.37538 3.7984e-06
0.37638 3.8746e-06
0.37738 3.9523e-06
0.37838 4.0315e-06
0.37938 4.1124e-06
0.38038 4.1949e-06
0.38138 4.279e-06
0.38238 4.3649e-06
0.38338 4.4525e-06
0.38438 4.5418e-06
0.38539 4.633e-06
0.38639 4.726e-06
0.38739 4.8209e-06
0.38839 4.9177e-06
0.38939 5.0164e-06
0.39039 5.1171e-06
0.39139 5.2199e-06
0.39239 5.3248e-06
0.39339 5.4317e-06
0.39439 5.5408e-06
0.3954 5.6522e-06
0.3964 5.7657e-06
0.3974 5.8816e-06
0.3984 5.9998e-06
0.3994 6.1204e-06
0.4004 6.2434e-06
0.4014 6.3689e-06
0.4024 6.4969e-06
0.4034 6.6276e-06
0.4044 6.7608e-06
0.40541 6.8968e-06
0.40641 7.0355e-06
0.40741 7.177e-06
0.40841 7.3213e-06
0.40941 7.4686e-06
0.41041 7.6188e-06
0.41141 7.7721e-06
0.41241 7.9285e-06
0.41341 8.088e-06
0.41441 8.2508e-06
0.41542 8.4168e-06
0.41642 8.5862e-06
0.41742 8.759e-06
0.41842 8.9353e-06
0.41942 9.1152e-06
0.42042 9.2987e-06
0.42142 9.4859e-06
0.42242 9.6768e-06
0.42342 9.8717e-06
0.42442 1.007e-05
0.42543 1.0273e-05
0.42643 1.048e-05
0.42743 1.0691e-05
0.42843 1.0907e-05
0.42943 1.1126e-05
0.43043 1.135e-05
0.43143 1.1579e-05
0.43243 1.1812e-05
0.43343 1.205e-05
0.43443 1.2293e-05
0.43544 1.2541e-05
0.43644 1.2793e-05
0.43744 1.3051e-05
0.43844 1.3314e-05
0.43944 1.3583e-05
0.44044 1.3856e-05
0.44144 1.4136e-05
0.44244 1.442e-05
0.44344 1.4711e-05
0.44444 1.5008e-05
0.44545 1.531e-05
0.44645 1.5619e-05
0.44745 1.5934e-05
0.44845 1.6255e-05
0.44945 1.6583e-05
0.45045 1.6917e-05
0.45145 1.7258e-05
0.45245 1.7606e-05
0.45345 1.7961e-05
0.45445 1.8324e-05
0.45546 1.8693e-05
0.45646 1.907e-05
0.45746 1.9455e-05
0.45846 1.9847e-05
0.45946 2.0248e-05
0.46046 2.0656e-05
0.46146 2.1073e-05
0.46246 2.1498e-05
0.46346 2.1931e-05
0.46446 2.2374e-05
0.46547 2.2825e-05
0.46647 2.3286e-05
0.46747 2.3756e-05
0.46847 2.4235e-05
0.46947 2.4724e-05
0.47047 2.5223e-05
0.47147 2.5732e-05
0.47247 2.6251e-05
0.47347 2.6781e-05
0.47447 2.7321e-05
0.47548 2.7873e-05
0.47648 2.8435e-05
0.47748 2.9009e-05
0.47848 2.9595e-05
0.47948 3.0192e-05
0.48048 3.0802e-05
0.48148 3.1423e-05
0.48248 3.2058e-05
0.48348 3.2705e-05
0.48448 3.3365e-05
0.48549 3.4039e-05
0.48649 3.4726e-05
0.48749 3.5427e-05
0.48849 3.6142e-05
0.48949 3.6872e-05
0.49049 3.7616e-05
0.49149 3.8376e-05
0.49249 3.915e-05
0.49349 3.9941e-05
0.49449 4.0747e-05
0.4955 4.157e-05
0.4965 4.241e-05
0.4975 4.3266e-05
0.4985 4.414e-05
0.4995 4.5031e-05
0.5005 4.5941e-05
0.5015 4.6868e-05
0.5025 4.7815e-05
0.5035 4.8781e-05
0.5045 4.9766e-05
0.50551 5.0771e-05
0.50651 5.1796e-05
0.50751 5.2842e-05
0.50851 5.391e-05
0.50951 5.4999e-05
0.51051 5.6109e-05
0.51151 5.7243e-05
0.51251 5.8399e-05
0.51351 5.9579e-05
0.51451 6.0782e-05
0.51552 6.201e-05
0.51652 6.3263e-05
0.51752 6.4541e-05
0.51852 6.5844e-05
0.51952 6.7175e-05
0.52052 6.8532e-05
0.52152 6.9916e-05
0.52252 7.1329e-05
0.52352 7.277e-05
0.52452 7.424e-05
0.52553 7.574e-05
0.52653 7.727e-05
0.52753 7.8831e-05
0.52853 8.0424e-05
0.52953 8.2049e-05
0.53053 8.3707e-05
0.53153 8.5398e-05
0.53253 8.7123e-05
0.53353 8.8884e-05
0.53453 9.068e-05
0.53554 9.2512e-05
0.53654 9.4381e-05
0.53754 9.6288e-05
0.53854 9.8234e-05
0.53954 0.00010022
0.54054 0.00010224
0.54154 0.00010431
0.54254 0.00010642
0.54354 0.00010857
0.54454 0.00011076
0.54555 0.000113
0.54655 0.00011528
0.54755 0.00011761
0.54855 0.00011999
0.54955 0.00012242
0.55055 0.00012489
0.55155 0.00012741
0.55255 0.00012999
0.55355 0.00013262
0.55455 0.0001353
0.55556 0.00013803
0.55656 0.00014082
0.55756 0.00014367
0.55856 0.00014657
0.55956 0.00014953
0.56056 0.00015255
0.56156 0.00015564
0.56256 0.00015878
0.56356 0.00016199
0.56456 0.00016527
0.56557 0.00016861
0.56657 0.00017202
0.56757 0.00017549
0.56857 0.00017904
0.56957 0.00018266
0.57057 0.00018635
0.57157 0.00019012
0.57257 0.00019396
0.57357 0.00019788
0.57457 0.00020188
0.57558 0.00020596
0.57658 0.00021012
0.57758 0.00021437
0.57858 0.0002187
0.57958 0.00022312
0.58058 0.00022764
0.58158 0.00023224
0.58258 0.00023693
0.58358 0.00024172
0.58458 0.00024661
0.58559 0.00025159
0.58659 0.00025668
0.58759 0.00026187
0.58859 0.00026716
0.58959 0.00027256
0.59059 0.00027807
0.59159 0.00028369
0.59259 0.00028943
0.59359 0.00029528
0.59459 0.00030125
0.5956 0.00030734
0.5966 0.00031355
0.5976 0.00031989
0.5986 0.00032635
0.5996 0.00033295
0.6006 0.00033968
0.6016 0.00034655
0.6026 0.00035356
0.6036 0.0003607
0.6046 0.000368
0.60561 0.00037544
0.60661 0.00038303
0.60761 0.00039077
0.60861 0.00039867
0.60961 0.00040673
0.61061 0.00041495
0.61161 0.00042334
0.61261 0.0004319
0.61361 0.00044063
0.61461 0.00044954
0.61562 0.00045863
0.61662 0.0004679
0.61762 0.00047736
0.61862 0.00048701
0.61962 0.00049686
0.62062 0.0005069
0.62162 0.00051715
0.62262 0.0005276
0.62362 0.00053827
0.62462 0.00054915
0.62563 0.00056026
0.62663 0.00057158
0.62763 0.00058314
0.62863 0.00059493
0.62963 0.00060696
0.63063 0.00061923
0.63163 0.00063175
0.63263 0.00064452
0.63363 0.00065755
0.63463 0.00067085
0.63564 0.00068441
0.63664 0.00069825
0.63764 0.00071237
0.63864 0.00072677
0.63964 0.00074146
0.64064 0.00075646
0.64164 0.00077175
0.64264 0.00078735
0.64364 0.00080327
0.64464 0.00081951
0.64565 0.00083608
0.64665 0.00085299
0.64765 0.00087023
0.64865 0.00088783
0.64965 0.00090578
0.65065 0.0009241
0.65165 0.00094278
0.65265 0.00096184
0.65365 0.00098129
0.65465 0.0010011
0.65566 0.0010214
0.65666 0.001042
0.65766 0.0010631
0.65866 0.0010846
0.65966 0.0011065
0.66066 0.0011289
0.66166 0.0011517
0.66266 0.001175
0.66366 0.0011988
0.66466 0.001223
0.66567 0.0012477
0.66667 0.001273
0.66767 0.0012987
0.66867 0.001325
0.66967 0.0013517
0.67067 0.0013791
0.67167 0.001407
0.67267 0.0014354
0.67367 0.0014644
0.67467 0.001494
0.67568 0.0015242
0.67668 0.0015551
0.67768 0.0015865
0.67868 0.0016186
0.67968 0.0016513
0.68068 0.0016847
0.68168 0.0017188
0.68268 0.0017535
0.68368 0.001789
0.68468 0.0018252
0.68569 0.0018621
0.68669 0.0018997
0.68769 0.0019381
0.68869 0.0019773
0.68969 0.0020173
0.69069 0.0020581
0.69169 0.0020997
0.69269 0.0021422
0.69369 0.0021855
0.69469 0.0022297
0.6957 0.0022747
0.6967 0.0023207
0.6977 0.0023677
0.6987 0.0024155
0.6997 0.0024644
0.7007 0.0025142
0.7017 0.0025651
0.7027 0.0026169
0.7037 0.0026698
0.7047 0.0027238
0.70571 0.0027789
0.70671 0.0028351
0.70771 0.0028924
0.70871 0.0029509
0.70971 0.0030106
0.71071 0.0030714
0.71171 0.0031335
0.71271 0.0031969
0.71371 0.0032616
0.71471 0.0033275
0.71572 0.0033948
0.71672 0.0034634
0.71772 0.0035335
0.71872 0.0036049
0.71972 0.0036778
0.72072 0.0037522
0.72172 0.003828
0.72272 0.0039054
0.72372 0.0039844
0.72472 0.004065
0.72573 0.0041472
0.72673 0.004231
0.72773 0.0043166
0.72873 0.0044039
0.72973 0.0044929
0.73073 0.0045838
0.73173 0.0046765
0.73273 0.004771
0.73373 0.0048675
0.73473 0.0049659
0.73574 0.0050663
0.73674 0.0051688
0.73774 0.0052733
0.73874 0.0053799
0.73974 0.0054887
0.74074 0.0055997
0.74174 0.0057129
0.74274 0.0058285
0.74374 0.0059463
0.74474 0.0060666
0.74575 0.0061892
0.74675 0.0063144
0.74775 0.0064421
0.74875 0.0065723
0.74975 0.0067052
0.75075 0.0068408
0.75175 0.0069791
0.75275 0.0071203
0.75375 0.0072642
0.75475 0.0074111
0.75576 0.007561
0.75676 0.0077139
0.75776 0.0078699
0.75876 0.008029
0.75976 0.0081913
0.76076 0.008357
0.76176 0.008526
0.76276 0.0086984
0.76376 0.0088743
0.76476 0.0090537
0.76577 0.0092368
0.76677 0.0094235
0.76777 0.0096141
0.76877 0.0098085
0.76977 0.010007
0.77077 0.010209
0.77177 0.010416
0.77277 0.010626
0.77377 0.010841
0.77477 0.01106
0.77578 0.011284
0.77678 0.011512
0.77778 0.011745
0.77878 0.011982
0.77978 0.012225
0.78078 0.012472
0.78178 0.012724
0.78278 0.012981
0.78378 0.013244
0.78478 0.013512
0.78579 0.013785
0.78679 0.014064
0.78779 0.014348
0.78879 0.014638
0.78979 0.014934
0.79079 0.015236
0.79179 0.015544
0.79279 0.015859
0.79379 0.016179
0.79479 0.016506
0.7958 0.01684
0.7968 0.017181
0.7978 0.017528
0.7988 0.017883
0.7998 0.018244
0.8008 0.018613
0.8018 0.01899
0.8028 0.019374
0.8038 0.019765
0.8048 0.020165
0.80581 0.020573
0.80681 0.020989
0.80781 0.021413
0.80881 0.021846
0.80981 0.022288
0.81081 0.022739
0.81181 0.023198
0.81281 0.023667
0.81381 0.024146
0.81481 0.024634
0.81582 0.025132
0.81682 0.025641
0.81782 0.026159
0.81882 0.026688
0.81982 0.027228
0.82082 0.027778
0.82182 0.02834
0.82282 0.028913
0.82382 0.029498
0.82482 0.030094
0.82583 0.030703
0.82683 0.031324
0.82783 0.031957
0.82883 0.032603
0.82983 0.033262
0.83083 0.033935
0.83183 0.034621
0.83283 0.035321
0.83383 0.036036
0.83483 0.036764
0.83584 0.037508
0.83684 0.038266
0.83784 0.03904
0.83884 0.039829
0.83984 0.040635
0.84084 0.041456
0.84184 0.042295
0.84284 0.04315
0.84384 0.044023
0.84484 0.044913
0.84585 0.045821
0.84685 0.046747
0.84785 0.047693
0.84885 0.048657
0.84985 0.049641
0.85085 0.050645
0.85185 0.051669
0.85285 0.052714
0.85385 0.05378
0.85485 0.054867
0.85586 0.055977
0.85686 0.057109
0.85786 0.058263
0.85886 0.059442
0.85986 0.060644
0.86086 0.06187
0.86186 0.063121
0.86286 0.064397
0.86386 0.0657
0.86486 0.067028
0.86587 0.068383
0.86687 0.069766
0.86787 0.071177
0.86887 0.072616
0.86987 0.074085
0.87087 0.075583
0.87187 0.077111
0.87287 0.07867
0.87387 0.080261
0.87487 0.081884
0.87588 0.08354
0.87688 0.085229
0.87788 0.086953
0.87888 0.088711
0.87988 0.090505
0.88088 0.092335
0.88188 0.094202
0.88288 0.096107
0.88388 0.09805
0.88488 0.10003
0.88589 0.10206
0.88689 0.10412
0.88789 0.10623
0.88889 0.10837
0.88989 0.11056
0.89089 0.1128
0.89189 0.11508
0.89289 0.11741
0.89389 0.11978
0.89489 0.1222
0.8959 0.12468
0.8969 0.1272
0.8979 0.12977
0.8989 0.13239
0.8999 0.13507
0.9009 0.1378
0.9019 0.14059
0.9029 0.14343
0.9039 0.14633
0.9049 0.14929
0.90591 0.15231
0.90691 0.15539
0.90791 0.15853
0.90891 0.16174
0.90991 0.16501
0.91091 0.16834
0.91191 0.17175
0.91291 0.17522
0.91391 0.17876
0.91491 0.18238
0.91592 0.18607
0.91692 0.18983
0.91792 0.19367
0.91892 0.19758
0.91992 0.20158
0.92092 0.20566
0.92192 0.20981
0.92292 0.21406
0.92392 0.21839
0.92492 0.2228
0.92593 0.22731
0.92693 0.2319
0.92793 0.23659
0.92893 0.24138
0.92993 0.24626
0.93093 0.25124
0.93193 0.25632
0.93293 0.2615
0.93393 0.26679
0.93493 0.27218
0.93594 0.27769
0.93694 0.2833
0.93794 0.28903
0.93894 0.29488
0.93994 0.30084
0.94094 0.30692
0.94194 0.31313
0.94294 0.31946
0.94394 0.32592
0.94494 0.33251
0.94595 0.33924
0.94695 0.34609
0.94795 0.35309
0.94895 0.36023
0.94995 0.36752
0.95095 0.37495
0.95195 0.38253
0.95295 0.39027
0.95395 0.39816
0.95495 0.40621
0.95596 0.41442
0.95696 0.4228
0.95796 0.43135
0.95896 0.44008
0.95996 0.44898
0.96096 0.45805
0.96196 0.46732
0.96296 0.47677
0.96396 0.48641
0.96496 0.49624
0.96597 0.50628
0.96697 0.51652
0.96797 0.52696
0.96897 0.53762
0.96997 0.54849
0.97097 0.55958
0.97197 0.57089
0.97297 0.58244
0.97397 0.59422
0.97497 0.60623
0.97598 0.61849
0.97698 0.631
0.97798 0.64376
0.97898 0.65677
0.97998 0.67006
0.98098 0.68361
0.98198 0.69743
0.98298 0.71153
0.98398 0.72592
0.98498 0.7406
0.98599 0.75557
0.98699 0.77085
0.98799 0.78644
0.98899 0.80234
0.98999 0.81857
0.99099 0.83512
0.99199 0.85201
0.99299 0.86924
0.99399 0.88682
0.99499 0.90475
0.996 0.92304
0.997 0.94171
0.998 0.96075
0.999 0.98018
1 1
